
==========================================================================================
RUN_START 2026-08-04 01:04:41  r=9  device=cpu
LR=0.001  BATCH_SIZE=256
LAMBDA_ROLLOUT=0.0018  N_ROLLOUT_SIMS_PER_EPOCH=80
WARMUP_EPOCHS=40  V_CAPS=[200000, 300000, 400000, 500000, 600000, 700000]  VOL_STAGE_EPOCHS_LIST=[40, 40, 40, 40, 40, 60]
FRAC_NEW_BY_STAGE=[0.5, 0.45, 0.4, 0.35, 0.35, 0.3]
Ag-relative: LAMBDA_OVERPRED_AG=0.082  AG_REL_FLOOR_CM2=10.0
(rollout fn still uses AG_TOL_CM2=0.5 / AG_OVER_CAP_CM2=100.0 but train loop ignores hinge)
SIM_LOSS_CAP=0.033  (cap applies to rollout+Ag together)
==========================================================================================
epoch,train_loss,val_loss,best_val,roll_report_avg,Vstage,Vcap,frac_new,g1_mean,g_roll_unscaled,g_roll_scaled,ratio_scaledroll_to_g1mean
1,3.67591723e-02,1.98056418e-02,inf,0.00000000e+00,0,,,8.76121494e-02,nan,nan,nan
2,2.14825390e-02,1.35106029e-02,inf,0.00000000e+00,0,,,9.69972927e-02,nan,nan,nan
3,1.67788791e-02,1.03508687e-02,inf,0.00000000e+00,0,,,1.11906342e-01,nan,nan,nan
4,1.34690066e-02,9.66279606e-03,inf,0.00000000e+00,0,,,1.09232171e-01,nan,nan,nan
5,1.12079044e-02,1.51957403e-02,inf,0.00000000e+00,0,,,1.22331345e-01,nan,nan,nan
6,1.14028962e-02,1.00357149e-02,inf,0.00000000e+00,0,,,1.18146381e-01,nan,nan,nan
7,1.06108586e-02,7.24563594e-03,inf,0.00000000e+00,0,,,1.41284279e-01,nan,nan,nan
8,8.79095590e-03,6.56118340e-03,inf,0.00000000e+00,0,,,1.05386085e-01,nan,nan,nan
9,8.30953697e-03,6.27626386e-03,inf,0.00000000e+00,0,,,1.13005577e-01,nan,nan,nan
10,7.74882153e-03,9.39344802e-03,inf,0.00000000e+00,0,,,1.12446972e-01,nan,nan,nan
11,7.61888266e-03,7.05523313e-03,inf,0.00000000e+00,0,,,1.19947208e-01,nan,nan,nan
12,7.35510070e-03,5.60568610e-03,inf,0.00000000e+00,0,,,1.23929969e-01,nan,nan,nan
13,7.20128121e-03,6.46589894e-03,inf,0.00000000e+00,0,,,1.25185586e-01,nan,nan,nan
14,6.50433174e-03,5.52409419e-03,inf,0.00000000e+00,0,,,1.13064081e-01,nan,nan,nan
15,6.31729483e-03,5.07704008e-03,inf,0.00000000e+00,0,,,1.12175660e-01,nan,nan,nan
16,5.78388247e-03,4.92490102e-03,inf,0.00000000e+00,0,,,1.06047074e-01,nan,nan,nan
17,6.56372900e-03,5.95560885e-03,inf,0.00000000e+00,0,,,1.27107817e-01,nan,nan,nan
18,5.69876628e-03,4.86205889e-03,inf,0.00000000e+00,0,,,1.07523226e-01,nan,nan,nan
19,5.46169937e-03,5.32751413e-03,inf,0.00000000e+00,0,,,9.73879394e-02,nan,nan,nan
20,6.43243324e-03,4.83080600e-03,inf,0.00000000e+00,0,,,1.44856772e-01,nan,nan,nan
21,4.96337784e-03,4.49424670e-03,inf,0.00000000e+00,0,,,9.78641039e-02,nan,nan,nan
22,5.16180640e-03,4.56057489e-03,inf,0.00000000e+00,0,,,1.05613046e-01,nan,nan,nan
23,5.08309896e-03,4.43548209e-03,inf,0.00000000e+00,0,,,1.04246618e-01,nan,nan,nan
24,6.34874305e-03,4.32027249e-03,inf,0.00000000e+00,0,,,1.40072865e-01,nan,nan,nan
25,4.55762579e-03,4.06811067e-03,inf,0.00000000e+00,0,,,9.56867212e-02,nan,nan,nan
26,5.28472915e-03,4.41204427e-03,inf,0.00000000e+00,0,,,1.36902354e-01,nan,nan,nan
27,5.20988524e-03,4.63972269e-03,inf,0.00000000e+00,0,,,1.28793999e-01,nan,nan,nan
28,4.48688279e-03,4.24545925e-03,inf,0.00000000e+00,0,,,1.10726325e-01,nan,nan,nan
29,4.69688012e-03,3.91497172e-03,inf,0.00000000e+00,0,,,1.06277284e-01,nan,nan,nan
30,4.70333888e-03,5.31890213e-03,inf,0.00000000e+00,0,,,1.16582025e-01,nan,nan,nan
31,4.60057105e-03,3.80721595e-03,inf,0.00000000e+00,0,,,1.10858011e-01,nan,nan,nan
32,5.54583748e-03,3.62054411e-03,inf,0.00000000e+00,0,,,1.43491918e-01,nan,nan,nan
33,3.84007913e-03,3.81902082e-03,inf,0.00000000e+00,0,,,9.16704697e-02,nan,nan,nan
34,4.05456385e-03,4.54109409e-03,inf,0.00000000e+00,0,,,1.04969536e-01,nan,nan,nan
35,3.86780897e-03,3.54080396e-03,inf,0.00000000e+00,0,,,1.12622859e-01,nan,nan,nan
36,4.02667865e-03,3.51472323e-03,inf,0.00000000e+00,0,,,1.12963282e-01,nan,nan,nan
37,4.04105367e-03,3.56026165e-03,inf,0.00000000e+00,0,,,1.06575842e-01,nan,nan,nan
38,3.63307722e-03,3.47709838e-03,inf,0.00000000e+00,0,,,1.01950099e-01,nan,nan,nan
39,4.53367842e-03,3.86943177e-03,inf,0.00000000e+00,0,,,1.25810835e-01,nan,nan,nan
40,3.54140786e-03,3.30026935e-03,inf,0.00000000e+00,0,,,1.02848348e-01,nan,nan,nan
41,4.05035138e-03,5.40315931e-03,inf,1.25455409e-02,1,200000.000000,0.500000,1.14938885e-01,nan,nan,nan
42,3.42534811e-03,3.49600070e-03,inf,4.99617308e-03,1,200000.000000,0.500000,1.04942434e-01,nan,nan,nan
43,3.44085573e-03,4.75599572e-03,inf,1.15004834e-02,1,200000.000000,0.500000,1.07597208e-01,nan,nan,nan
44,3.63732348e-03,3.49364619e-03,inf,2.89927563e-03,1,200000.000000,0.500000,1.01473038e-01,2.78359438e+00,5.01047014e-03,4.93773540e-02
45,3.41081616e-03,3.36286164e-03,inf,5.45221847e-03,1,200000.000000,0.500000,1.05781633e-01,nan,nan,nan
46,3.77413400e-03,3.21137174e-03,inf,3.98577377e-03,1,200000.000000,0.500000,1.26497028e-01,nan,nan,nan
47,4.58668536e-03,3.78966716e-03,inf,8.65335856e-03,1,200000.000000,0.500000,1.34438673e-01,nan,nan,nan
48,3.04755189e-03,3.74770159e-03,inf,7.10729742e-03,1,200000.000000,0.500000,8.24669138e-02,8.20108711e+00,1.47619560e-02,1.79004588e-01
49,3.08464550e-03,3.42182531e-03,inf,2.87171034e-03,1,200000.000000,0.500000,1.08508337e-01,nan,nan,nan
50,3.82496257e-03,3.46336792e-03,inf,3.90093098e-03,1,200000.000000,0.500000,1.24902627e-01,nan,nan,nan
51,3.29027996e-03,3.12020000e-03,inf,4.00075223e-03,1,200000.000000,0.500000,9.83453263e-02,nan,nan,nan
52,2.66784954e-03,3.25150995e-03,inf,5.32826036e-03,1,200000.000000,0.500000,7.68812399e-02,2.77545053e+00,4.99581104e-03,6.49808854e-02
53,2.85400071e-03,4.61230534e-03,inf,8.76886863e-03,1,200000.000000,0.500000,9.86238744e-02,nan,nan,nan
54,3.16422626e-03,2.94944858e-03,inf,2.53509847e-03,1,200000.000000,0.500000,9.98763171e-02,nan,nan,nan
55,3.49923354e-03,4.86356348e-03,inf,1.07040722e-02,1,200000.000000,0.500000,1.10093107e-01,nan,nan,nan
56,3.01166217e-03,4.02683474e-03,inf,5.42638451e-03,1,200000.000000,0.500000,8.81841038e-02,2.45195439e+00,4.41351826e-03,5.00489098e-02
57,2.93434286e-03,2.85286373e-03,inf,4.92959376e-03,1,200000.000000,0.500000,1.06006635e-01,nan,nan,nan
58,2.56213702e-03,3.65419759e-03,inf,2.99716974e-03,1,200000.000000,0.500000,7.59522598e-02,nan,nan,nan
59,3.14636539e-03,3.00033981e-03,inf,4.50736377e-03,1,200000.000000,0.500000,1.05866101e-01,nan,nan,nan
60,3.23658535e-03,3.45483827e-03,inf,5.20423427e-03,1,200000.000000,0.500000,1.10713533e-01,3.57708836e+00,6.43875790e-03,5.81569184e-02
61,2.89324077e-03,3.18279508e-03,inf,4.96957218e-03,1,200000.000000,0.500000,9.37285005e-02,nan,nan,nan
62,2.46535244e-03,3.35889701e-03,inf,4.12142649e-03,1,200000.000000,0.500000,8.58067215e-02,nan,nan,nan
63,2.70169186e-03,4.89407079e-03,inf,6.73433021e-03,1,200000.000000,0.500000,9.84247683e-02,nan,nan,nan
64,3.12087681e-03,3.04341619e-03,inf,4.44182148e-03,1,200000.000000,0.500000,1.00961913e-01,2.09185211e+00,3.76533376e-03,3.72945960e-02
65,2.60055762e-03,4.01643485e-03,inf,1.38643440e-02,1,200000.000000,0.500000,9.10726420e-02,nan,nan,nan
66,3.47743956e-03,4.29520426e-03,inf,6.99580740e-03,1,200000.000000,0.500000,1.16327114e-01,nan,nan,nan
67,4.87178503e-03,2.90138855e-03,inf,2.72348779e-03,1,200000.000000,0.500000,1.57190775e-01,nan,nan,nan
68,2.89101682e-03,2.84616485e-03,inf,4.01428575e-03,1,200000.000000,0.500000,1.12122734e-01,2.25739957e+00,4.06331874e-03,3.62399184e-02
69,2.42228020e-03,3.52942679e-03,inf,5.86720044e-03,1,200000.000000,0.500000,9.27043986e-02,nan,nan,nan
70,2.53394753e-03,3.23280132e-03,inf,5.95730403e-03,1,200000.000000,0.500000,9.62284764e-02,nan,nan,nan
71,2.93929212e-03,2.70250646e-03,inf,4.13816236e-03,1,200000.000000,0.500000,1.14489541e-01,nan,nan,nan
72,2.50616818e-03,3.47416844e-03,inf,6.90064719e-03,1,200000.000000,0.500000,8.91584833e-02,3.05012965e+00,5.49023330e-03,6.15783613e-02
73,2.24157704e-03,3.08131437e-03,inf,3.25803761e-03,1,200000.000000,0.500000,8.50793373e-02,nan,nan,nan
74,2.25274723e-03,2.68683404e-03,inf,2.63936887e-03,1,200000.000000,0.500000,8.78203839e-02,nan,nan,nan
75,2.18513482e-03,2.56574904e-03,inf,2.38611060e-03,1,200000.000000,0.500000,8.09241223e-02,nan,nan,nan
76,2.78851949e-03,2.92801200e-03,inf,4.10039024e-03,1,200000.000000,0.500000,1.06752335e-01,2.61399146e+00,4.70518526e-03,4.40757129e-02
77,2.40156101e-03,2.75423641e-03,inf,2.12410535e-03,1,200000.000000,0.500000,8.69554059e-02,nan,nan,nan
78,3.58078084e-03,2.60696512e-03,inf,1.74866489e-03,1,200000.000000,0.500000,1.42631719e-01,nan,nan,nan
79,2.27376970e-03,2.48970409e-03,inf,2.36754166e-03,1,200000.000000,0.500000,8.36591870e-02,nan,nan,nan
80,2.18942102e-03,2.17653991e-03,inf,1.58268493e-03,1,200000.000000,0.500000,8.23557741e-02,1.28200243e+00,2.30760395e-03,2.80199413e-02
81,2.12568526e-03,4.53803861e-03,inf,2.11384017e-02,2,300000.000000,0.450000,8.01766448e-02,nan,nan,nan
82,2.48603769e-03,2.59829456e-03,inf,3.76161677e-03,2,300000.000000,0.450000,1.01559320e-01,nan,nan,nan
83,2.02321197e-03,2.47000170e-03,inf,6.94361189e-03,2,300000.000000,0.450000,7.43852179e-02,nan,nan,nan
84,2.05625190e-03,2.83882676e-03,inf,6.35705143e-03,2,300000.000000,0.450000,8.62528165e-02,3.41696025e+00,6.15052791e-03,7.13081399e-02
85,2.52822949e-03,2.37150880e-03,inf,4.07735212e-03,2,300000.000000,0.450000,9.85951084e-02,nan,nan,nan
86,2.65878509e-03,2.86772913e-03,inf,7.27792177e-03,2,300000.000000,0.450000,1.07388121e-01,nan,nan,nan
87,2.10164687e-03,4.65636563e-03,inf,1.15053887e-02,2,300000.000000,0.450000,8.10227246e-02,nan,nan,nan
88,3.33529424e-03,2.33348848e-03,inf,5.63954283e-03,2,300000.000000,0.450000,1.37632602e-01,9.47751112e+00,1.70595210e-02,1.23949710e-01
89,2.27373986e-03,2.20907603e-03,inf,2.75215786e-03,2,300000.000000,0.450000,9.50262579e-02,nan,nan,nan
90,2.20859252e-03,2.24441396e-03,inf,2.64736498e-03,2,300000.000000,0.450000,9.01732724e-02,nan,nan,nan
91,1.83993036e-03,2.46722926e-03,inf,2.20123795e-03,2,300000.000000,0.450000,7.73881284e-02,nan,nan,nan
92,1.86097238e-03,2.67443593e-03,inf,1.09421480e-02,2,300000.000000,0.450000,7.98004507e-02,7.95728813e+00,1.43231184e-02,1.79486685e-01
93,1.81960579e-03,2.28451288e-03,inf,5.00700483e-03,2,300000.000000,0.450000,7.99598208e-02,nan,nan,nan
94,2.08457482e-03,3.56675370e-03,inf,6.84939418e-03,2,300000.000000,0.450000,8.63479891e-02,nan,nan,nan
95,2.70415725e-03,2.26186013e-03,inf,3.07426834e-03,2,300000.000000,0.450000,1.25779696e-01,nan,nan,nan
96,2.11681471e-03,7.70061647e-03,inf,6.32385984e-02,2,300000.000000,0.450000,8.90241462e-02,1.34513939e+01,2.42125085e-02,2.71976869e-01
97,2.32956280e-03,2.17757380e-03,inf,3.33878468e-03,2,300000.000000,0.450000,1.05960519e-01,nan,nan,nan
98,1.76314196e-03,2.44029290e-03,inf,2.72028940e-03,2,300000.000000,0.450000,7.07880793e-02,nan,nan,nan
99,2.02776819e-03,2.37952594e-03,inf,3.72345070e-03,2,300000.000000,0.450000,8.66311620e-02,nan,nan,nan
100,1.73648117e-03,2.28220054e-03,inf,5.16442489e-03,2,300000.000000,0.450000,7.40139086e-02,2.88442130e+00,5.19195877e-03,7.01484204e-02
101,2.00257103e-03,3.12646697e-03,inf,7.35755404e-03,2,300000.000000,0.450000,9.50971208e-02,nan,nan,nan
102,1.70832373e-03,2.14219738e-03,inf,3.18629178e-03,2,300000.000000,0.450000,7.71136847e-02,nan,nan,nan
103,1.70560180e-03,2.14598479e-03,inf,3.10614519e-03,2,300000.000000,0.450000,7.59646552e-02,nan,nan,nan
104,1.69478874e-03,2.23917950e-03,inf,2.57928297e-03,2,300000.000000,0.450000,7.70853047e-02,2.12929022e+00,3.83272186e-03,4.97205255e-02
105,2.13186762e-03,2.38619719e-03,inf,6.21367106e-03,2,300000.000000,0.450000,9.74983489e-02,nan,nan,nan
106,1.98258576e-03,2.23043000e-03,inf,4.33027511e-03,2,300000.000000,0.450000,9.76100204e-02,nan,nan,nan
107,2.38488965e-03,2.56279973e-03,inf,2.62524141e-03,2,300000.000000,0.450000,1.15240340e-01,nan,nan,nan
108,1.84815080e-03,2.06877124e-03,inf,3.29169212e-03,2,300000.000000,0.450000,8.87342191e-02,3.60477763e+00,6.48859977e-03,7.31239857e-02
109,1.59170803e-03,2.00968063e-03,inf,2.53184536e-03,2,300000.000000,0.450000,7.28057823e-02,nan,nan,nan
110,1.53734840e-03,2.01869578e-03,inf,8.02521966e-03,2,300000.000000,0.450000,6.81054729e-02,nan,nan,nan
111,1.68848365e-03,2.13888113e-03,inf,4.23433445e-03,2,300000.000000,0.450000,8.17006231e-02,nan,nan,nan
112,1.87285470e-03,2.12497227e-03,inf,2.39304896e-03,2,300000.000000,0.450000,8.43742617e-02,1.27554640e+00,2.29598389e-03,2.72118990e-02
113,2.14389576e-03,2.51120419e-03,inf,5.46790985e-03,2,300000.000000,0.450000,1.11048131e-01,nan,nan,nan
114,1.74769907e-03,4.44114994e-03,inf,1.34788426e-02,2,300000.000000,0.450000,7.76932872e-02,nan,nan,nan
115,1.75855985e-03,2.28560713e-03,inf,6.22530375e-03,2,300000.000000,0.450000,9.45029978e-02,nan,nan,nan
116,1.50527294e-03,2.00759942e-03,inf,2.37165485e-03,2,300000.000000,0.450000,6.81099337e-02,1.43611128e+00,2.58500015e-03,3.79533500e-02
117,1.56103415e-03,2.10325090e-03,inf,3.40566784e-03,2,300000.000000,0.450000,8.34843408e-02,nan,nan,nan
118,1.69402597e-03,2.72397217e-03,inf,5.52416267e-03,2,300000.000000,0.450000,8.39845762e-02,nan,nan,nan
119,1.57785934e-03,1.87824452e-03,inf,2.61048297e-03,2,300000.000000,0.450000,8.22339259e-02,nan,nan,nan
120,1.55141263e-03,2.20030663e-03,inf,2.48711044e-03,2,300000.000000,0.450000,7.51741451e-02,1.45497011e+00,2.61894678e-03,3.48383980e-02
121,1.83230448e-03,2.44676304e-03,inf,6.43030461e-03,3,400000.000000,0.400000,1.03256029e-01,nan,nan,nan
122,1.95976788e-03,2.06106590e-03,inf,4.85405698e-03,3,400000.000000,0.400000,1.11400988e-01,nan,nan,nan
123,1.93510739e-03,2.14004156e-03,inf,3.15474416e-03,3,400000.000000,0.400000,9.92046207e-02,nan,nan,nan
124,1.43440269e-03,1.79178478e-03,inf,3.39172268e-03,3,400000.000000,0.400000,6.51398845e-02,1.96568502e+00,3.53823382e-03,5.43174715e-02
125,1.49478104e-03,2.23802948e-03,inf,5.80429519e-03,3,400000.000000,0.400000,7.18604373e-02,nan,nan,nan
126,1.47395662e-03,1.99774798e-03,inf,5.70385484e-03,3,400000.000000,0.400000,7.59507272e-02,nan,nan,nan
127,1.39444614e-03,1.92352808e-03,inf,6.40596915e-03,3,400000.000000,0.400000,6.91617845e-02,nan,nan,nan
128,1.44345829e-03,2.14586933e-03,inf,3.55679472e-03,3,400000.000000,0.400000,7.23340898e-02,1.80010668e+00,3.24019271e-03,4.47948224e-02
129,1.56024452e-03,3.41809713e-03,inf,5.06613851e-02,3,400000.000000,0.400000,8.18102118e-02,nan,nan,nan
130,2.38559379e-03,1.86138035e-03,inf,6.21541310e-03,3,400000.000000,0.400000,1.18352360e-01,nan,nan,nan
131,1.59008943e-03,1.77029976e-03,inf,4.48533520e-03,3,400000.000000,0.400000,9.13164564e-02,nan,nan,nan
132,1.31844698e-03,2.09578701e-03,inf,3.51951877e-03,3,400000.000000,0.400000,6.52232134e-02,3.86720225e+00,6.96096447e-03,1.06725261e-01
133,1.33110956e-03,1.82980825e-03,inf,5.53947454e-03,3,400000.000000,0.400000,6.49066476e-02,nan,nan,nan
134,1.40880743e-03,3.33473999e-03,inf,2.37286761e-02,3,400000.000000,0.400000,6.94983486e-02,nan,nan,nan
135,1.59803866e-03,2.32729132e-03,inf,7.49339256e-03,3,400000.000000,0.400000,8.91577887e-02,nan,nan,nan
136,1.76962875e-03,1.98192170e-03,inf,4.08019545e-03,3,400000.000000,0.400000,9.53766753e-02,4.31055414e+00,7.75899731e-03,8.13510985e-02
137,1.50445259e-03,2.07170197e-03,inf,5.12866210e-03,3,400000.000000,0.400000,8.23805224e-02,nan,nan,nan
138,1.55204871e-03,2.21469166e-03,inf,5.32539282e-03,3,400000.000000,0.400000,8.73205561e-02,nan,nan,nan
139,1.50213324e-03,2.08639496e-03,inf,6.04853779e-03,3,400000.000000,0.400000,8.72500558e-02,nan,nan,nan
140,1.42096988e-03,1.79763040e-03,inf,4.28985199e-03,3,400000.000000,0.400000,8.16829662e-02,4.02170798e+00,7.23907562e-03,8.86240541e-02
141,1.25722507e-03,2.88383299e-03,inf,1.07654631e-02,3,400000.000000,0.400000,6.58793251e-02,nan,nan,nan
142,1.32523295e-03,2.56812969e-03,inf,4.77389945e-03,3,400000.000000,0.400000,7.61206135e-02,nan,nan,nan
143,1.41748365e-03,2.13786935e-03,inf,5.18395239e-03,3,400000.000000,0.400000,8.12243134e-02,nan,nan,nan
144,1.36277895e-03,2.21818015e-03,inf,7.03154039e-03,3,400000.000000,0.400000,7.34150415e-02,5.85788248e+00,1.05441896e-02,1.43624377e-01
145,1.33894457e-03,1.91508139e-03,inf,4.23394609e-03,3,400000.000000,0.400000,8.25975333e-02,nan,nan,nan
146,1.37420075e-03,2.58450808e-03,inf,1.01245586e-02,3,400000.000000,0.400000,7.52656298e-02,nan,nan,nan
147,1.52464966e-03,2.22077504e-03,inf,4.00291011e-03,3,400000.000000,0.400000,8.84528668e-02,nan,nan,nan
148,1.27387177e-03,1.93854238e-03,inf,1.10341515e-02,3,400000.000000,0.400000,7.18940826e-02,6.97219530e+00,1.25499518e-02,1.74561679e-01
149,1.49201970e-03,2.04878210e-03,inf,8.68946873e-03,3,400000.000000,0.400000,8.74588063e-02,nan,nan,nan
150,1.31007837e-03,1.74198638e-03,inf,4.32251114e-03,3,400000.000000,0.400000,7.82509080e-02,nan,nan,nan
151,1.42859852e-03,1.98390041e-03,inf,4.62302705e-03,3,400000.000000,0.400000,8.57770924e-02,nan,nan,nan
152,1.17646858e-03,2.23821417e-03,inf,1.54343890e-02,3,400000.000000,0.400000,6.81588266e-02,7.42783748e+00,1.33701067e-02,1.96161046e-01
153,1.40544685e-03,1.85777587e-03,inf,4.62545920e-03,3,400000.000000,0.400000,8.57105639e-02,nan,nan,nan
154,1.65246633e-03,1.87170726e-03,inf,5.04476437e-03,3,400000.000000,0.400000,1.00978495e-01,nan,nan,nan
155,1.29276349e-03,2.11580744e-03,inf,1.03046168e-02,3,400000.000000,0.400000,7.64335892e-02,nan,nan,nan
156,1.31764485e-03,1.89915420e-03,inf,4.78809187e-03,3,400000.000000,0.400000,7.32073525e-02,7.53197723e+00,1.35575560e-02,1.85193912e-01
157,1.25471108e-03,1.80462476e-03,inf,5.12250140e-03,3,400000.000000,0.400000,7.32310906e-02,nan,nan,nan
158,1.37608644e-03,2.73459835e-03,inf,6.85566198e-03,3,400000.000000,0.400000,8.00173645e-02,nan,nan,nan
159,1.44285404e-03,2.06357189e-03,inf,6.63115177e-03,3,400000.000000,0.400000,9.48260818e-02,nan,nan,nan
160,1.39677947e-03,1.75272813e-03,inf,4.03531222e-03,3,400000.000000,0.400000,8.64782109e-02,5.02414308e+00,9.04345899e-03,1.04575001e-01
161,1.25157401e-03,1.70969817e-03,inf,1.03482138e-02,4,500000.000000,0.350000,8.01022115e-02,nan,nan,nan
162,1.11654617e-03,1.66269055e-03,inf,6.29417691e-03,4,500000.000000,0.350000,6.57909920e-02,nan,nan,nan
163,1.04813157e-03,1.83381551e-03,inf,8.98364838e-03,4,500000.000000,0.350000,5.49805500e-02,nan,nan,nan
164,1.11284003e-03,1.68921973e-03,inf,5.11682313e-03,4,500000.000000,0.350000,6.58884821e-02,7.95280074e+00,1.43150391e-02,2.17261632e-01
165,1.26182985e-03,2.01192486e-03,inf,5.61267836e-03,4,500000.000000,0.350000,8.33270580e-02,nan,nan,nan
166,1.47981222e-03,2.28322259e-03,inf,1.08008413e-02,4,500000.000000,0.350000,8.67266413e-02,nan,nan,nan
167,1.20344687e-03,1.65886143e-03,inf,6.97850296e-03,4,500000.000000,0.350000,7.87067145e-02,nan,nan,nan
168,1.23033266e-03,3.33425437e-03,inf,1.91340689e-02,4,500000.000000,0.350000,8.68595998e-02,7.39929209e+00,1.33187245e-02,1.53336241e-01
169,2.50703655e-03,2.15010775e-03,inf,1.20487195e-02,4,500000.000000,0.350000,1.30073488e-01,nan,nan,nan
170,1.35213494e-03,1.73482774e-03,inf,1.00751519e-02,4,500000.000000,0.350000,8.35968626e-02,nan,nan,nan
171,1.23186819e-03,1.97319635e-03,inf,9.41527728e-03,4,500000.000000,0.350000,7.61261714e-02,nan,nan,nan
172,1.27261190e-03,1.66370556e-03,inf,5.05649205e-03,4,500000.000000,0.350000,7.69576984e-02,9.79144062e+00,1.76245932e-02,2.29016636e-01
173,1.21773827e-03,1.69191862e-03,inf,1.21868905e-02,4,500000.000000,0.350000,7.91505796e-02,nan,nan,nan
174,1.10022212e-03,1.78142885e-03,inf,5.31645352e-03,4,500000.000000,0.350000,6.62030443e-02,nan,nan,nan
175,1.28482098e-03,1.84642453e-03,inf,1.12147201e-02,4,500000.000000,0.350000,7.64681056e-02,nan,nan,nan
176,1.16104930e-03,1.82635318e-03,inf,1.42831113e-02,4,500000.000000,0.350000,7.33121558e-02,7.96250722e+00,1.43325136e-02,1.95499824e-01
177,1.14224267e-03,1.81607601e-03,inf,7.66591588e-03,4,500000.000000,0.350000,7.59816954e-02,nan,nan,nan
178,1.05324832e-03,2.47675446e-03,inf,4.39285021e-03,4,500000.000000,0.350000,6.50526117e-02,nan,nan,nan
179,1.09449707e-03,1.81381971e-03,inf,1.61410701e-02,4,500000.000000,0.350000,6.69389062e-02,nan,nan,nan
180,1.04766464e-03,1.62043923e-03,inf,3.94382747e-03,4,500000.000000,0.350000,6.38957443e-02,3.03752233e+00,5.46754002e-03,8.55697055e-02
181,1.21270431e-03,1.82539003e-03,inf,4.96695470e-03,4,500000.000000,0.350000,7.90934579e-02,nan,nan,nan
182,1.13389532e-03,1.91714197e-03,inf,8.16088729e-03,4,500000.000000,0.350000,7.50771735e-02,nan,nan,nan
183,1.28228333e-03,1.77338671e-03,inf,5.59141953e-03,4,500000.000000,0.350000,8.51308395e-02,nan,nan,nan
184,1.25869610e-03,1.52466552e-03,inf,4.75797663e-03,4,500000.000000,0.350000,8.32560190e-02,2.85063110e+00,5.13113785e-03,6.16308336e-02
185,1.22651041e-03,1.69769957e-03,inf,4.54589631e-03,4,500000.000000,0.350000,7.87369058e-02,nan,nan,nan
186,1.05364889e-03,1.51481607e-03,inf,5.55132050e-03,4,500000.000000,0.350000,6.91844342e-02,nan,nan,nan
187,1.17099057e-03,1.75072182e-03,inf,1.08293798e-02,4,500000.000000,0.350000,7.47240617e-02,nan,nan,nan
188,1.01866602e-03,1.59483633e-03,inf,6.88653206e-03,4,500000.000000,0.350000,6.32397908e-02,4.68229267e+00,8.42812581e-03,1.33272512e-01
189,1.09415510e-03,2.31803158e-03,inf,6.86186273e-03,4,500000.000000,0.350000,7.22818481e-02,nan,nan,nan
190,1.10378388e-03,1.53225508e-03,inf,1.06702503e-02,4,500000.000000,0.350000,6.79910231e-02,nan,nan,nan
191,1.13305497e-03,2.03602716e-03,inf,1.13007799e-02,4,500000.000000,0.350000,7.86325084e-02,nan,nan,nan
192,2.20417236e-03,1.66798075e-03,inf,9.70783085e-03,4,500000.000000,0.350000,1.35516748e-01,1.00082756e+01,1.80149000e-02,1.32934861e-01
193,1.21198345e-03,2.14347239e-03,inf,1.81963071e-02,4,500000.000000,0.350000,8.05174666e-02,nan,nan,nan
194,1.04820571e-03,1.47892088e-03,inf,8.52673501e-03,4,500000.000000,0.350000,6.77236200e-02,nan,nan,nan
195,1.00685699e-03,1.49191282e-03,inf,1.24241337e-02,4,500000.000000,0.350000,6.40544547e-02,nan,nan,nan
196,1.09328509e-03,1.45317132e-03,inf,5.32013783e-03,4,500000.000000,0.350000,7.15512389e-02,4.59798068e+00,8.27636602e-03,1.15670478e-01
197,9.94608675e-04,2.13330945e-03,inf,2.36690845e-02,4,500000.000000,0.350000,6.01275472e-02,nan,nan,nan
198,1.14308060e-03,1.58439186e-03,inf,3.51066585e-03,4,500000.000000,0.350000,8.51810576e-02,nan,nan,nan
199,1.02886162e-03,1.70145965e-03,inf,1.59411933e-02,4,500000.000000,0.350000,7.02521856e-02,nan,nan,nan
200,9.87953294e-04,1.67436588e-03,inf,1.17355660e-02,4,500000.000000,0.350000,6.55815748e-02,1.02785522e+01,1.85013931e-02,2.82112668e-01
201,1.06328071e-03,2.12727052e-03,inf,1.90814249e-02,5,600000.000000,0.350000,7.99646679e-02,nan,nan,nan
202,1.05802696e-03,1.89400672e-03,inf,7.40168989e-03,5,600000.000000,0.350000,7.73800060e-02,nan,nan,nan
203,1.07343200e-03,2.50962629e-03,inf,1.23227481e-02,5,600000.000000,0.350000,7.71202147e-02,nan,nan,nan
204,1.34257036e-03,1.46000291e-03,inf,5.38417045e-03,5,600000.000000,0.350000,8.40193072e-02,4.43830329e+00,7.98894522e-03,9.50846358e-02
205,1.05720544e-03,1.67781573e-03,inf,6.29985798e-03,5,600000.000000,0.350000,6.06503720e-02,nan,nan,nan
206,1.08458553e-03,1.40865044e-03,inf,6.84860116e-03,5,600000.000000,0.350000,6.69005132e-02,nan,nan,nan
207,9.62007850e-04,1.58643536e-03,inf,1.04593355e-02,5,600000.000000,0.350000,6.08239572e-02,nan,nan,nan
208,9.90728394e-04,1.57554876e-03,inf,1.71285886e-02,5,600000.000000,0.350000,6.93528734e-02,1.23803943e+01,2.22847129e-02,3.21323571e-01
209,1.28612041e-03,1.70241957e-03,inf,1.13428477e-02,5,600000.000000,0.350000,9.53480530e-02,nan,nan,nan
210,1.07373802e-03,2.21226788e-03,inf,3.43382880e-02,5,600000.000000,0.350000,6.99702467e-02,nan,nan,nan
211,1.11433598e-03,1.57111856e-03,inf,1.11095663e-02,5,600000.000000,0.350000,8.86753898e-02,nan,nan,nan
212,9.69774423e-04,1.52358034e-03,inf,8.52539670e-03,5,600000.000000,0.350000,6.31160619e-02,6.03076676e+00,1.08553794e-02,1.71990759e-01
213,9.58268669e-04,1.37457070e-03,inf,7.03823287e-03,5,600000.000000,0.350000,6.30924215e-02,nan,nan,nan
214,1.01565605e-03,1.89715791e-03,inf,1.27774458e-02,5,600000.000000,0.350000,6.96009562e-02,nan,nan,nan
215,1.02250120e-03,1.55467497e-03,inf,9.27838683e-03,5,600000.000000,0.350000,7.68984557e-02,nan,nan,nan
216,9.87942794e-04,1.45936586e-03,inf,9.60221980e-03,5,600000.000000,0.350000,7.18046860e-02,1.78125901e+01,3.20626682e-02,4.46526126e-01
217,9.30499911e-04,1.51237833e-03,inf,7.56513607e-03,5,600000.000000,0.350000,6.49043715e-02,nan,nan,nan
218,9.72750854e-04,2.42142291e-03,inf,8.24841112e-03,5,600000.000000,0.350000,6.77126968e-02,nan,nan,nan
219,1.12876861e-03,1.42999128e-03,inf,6.86449045e-03,5,600000.000000,0.350000,8.28382109e-02,nan,nan,nan
220,9.58860994e-04,1.71170862e-03,inf,1.60494819e-02,5,600000.000000,0.350000,7.13241190e-02,1.16276360e+01,2.09297431e-02,2.93445519e-01
221,9.43230160e-04,1.60324607e-03,inf,1.04724737e-02,5,600000.000000,0.350000,7.24446993e-02,nan,nan,nan
222,9.38376466e-04,1.64961582e-03,inf,1.24869514e-02,5,600000.000000,0.350000,6.64193596e-02,nan,nan,nan
223,9.19576577e-04,1.58502437e-03,inf,8.97356682e-03,5,600000.000000,0.350000,6.27048046e-02,nan,nan,nan
224,9.67038973e-04,1.75783276e-03,inf,9.70469881e-03,5,600000.000000,0.350000,7.29281375e-02,1.01356937e+01,1.82442488e-02,2.50167486e-01
225,9.06400637e-04,1.53577625e-03,inf,1.05165951e-02,5,600000.000000,0.350000,6.39735484e-02,nan,nan,nan
226,9.61488712e-04,1.77142276e-03,inf,3.16541642e-02,5,600000.000000,0.350000,6.97308197e-02,nan,nan,nan
227,1.05900642e-03,1.44400685e-03,inf,7.08953571e-03,5,600000.000000,0.350000,7.78222030e-02,nan,nan,nan
228,1.29138067e-03,1.50142616e-03,inf,8.82073306e-03,5,600000.000000,0.350000,9.48263323e-02,1.24369025e+01,2.23864266e-02,2.36078166e-01
229,9.82160987e-04,1.57921718e-03,inf,1.69536732e-02,5,600000.000000,0.350000,6.75825000e-02,nan,nan,nan
230,1.21285291e-03,1.55273185e-03,inf,1.65308472e-02,5,600000.000000,0.350000,7.57998312e-02,nan,nan,nan
231,8.68866063e-04,1.63871967e-03,inf,8.71078856e-03,5,600000.000000,0.350000,5.49214218e-02,nan,nan,nan
232,8.52490587e-04,1.37784380e-03,inf,6.47239992e-03,5,600000.000000,0.350000,5.82076900e-02,9.98162290e+00,1.79669215e-02,3.08669206e-01
233,8.71011205e-04,1.70261312e-03,inf,1.22973192e-02,5,600000.000000,0.350000,6.17817258e-02,nan,nan,nan
234,8.67680774e-04,1.59747562e-03,inf,1.13370102e-02,5,600000.000000,0.350000,6.66785205e-02,nan,nan,nan
235,9.29020268e-04,1.43981134e-03,inf,8.16696975e-03,5,600000.000000,0.350000,6.71262144e-02,nan,nan,nan
236,8.98554308e-04,1.99605309e-03,inf,2.19836831e-02,5,600000.000000,0.350000,7.11412461e-02,1.32400167e+01,2.38320254e-02,3.34995895e-01
237,9.65883049e-04,1.46434425e-03,inf,7.84240663e-03,5,600000.000000,0.350000,7.31328033e-02,nan,nan,nan
238,9.65140885e-04,1.42597284e-03,inf,5.40962210e-03,5,600000.000000,0.350000,7.28840240e-02,nan,nan,nan
239,8.85557447e-04,1.50002980e-03,inf,6.73433533e-03,5,600000.000000,0.350000,6.04621306e-02,nan,nan,nan
240,8.53869589e-04,1.41009619e-03,inf,7.03110406e-03,5,600000.000000,0.350000,5.70994584e-02,6.82458619e+00,1.22842568e-02,2.15137886e-01
241,9.02913002e-04,1.62176739e-03,inf,1.52432574e-02,6,700000.000000,0.300000,6.96550094e-02,nan,nan,nan
242,9.96524753e-04,1.36947750e-03,inf,1.19100204e-02,6,700000.000000,0.300000,7.74375704e-02,nan,nan,nan
243,9.90570123e-04,1.46774636e-03,inf,1.89345479e-02,6,700000.000000,0.300000,7.62810421e-02,nan,nan,nan
244,1.03050110e-03,1.37594064e-03,inf,8.07496347e-03,6,700000.000000,0.300000,7.50629074e-02,7.75139347e+00,1.39525102e-02,1.85877562e-01
245,9.69911629e-04,1.37390603e-03,inf,1.01755662e-02,6,700000.000000,0.300000,6.87344118e-02,nan,nan,nan
246,8.63098683e-04,1.45489409e-03,inf,1.31961275e-02,6,700000.000000,0.300000,6.08402029e-02,nan,nan,nan
247,8.15747991e-04,1.61269054e-03,inf,1.42229870e-02,6,700000.000000,0.300000,6.53402802e-02,nan,nan,nan
248,8.75332160e-04,1.40542037e-03,inf,7.35494262e-03,6,700000.000000,0.300000,7.28251427e-02,9.00807623e+00,1.62145331e-02,2.22650208e-01
249,8.40201035e-04,1.63254687e-03,inf,9.10434127e-03,6,700000.000000,0.300000,6.34102831e-02,nan,nan,nan
250,8.90727814e-04,1.77923790e-03,inf,1.24968616e-02,6,700000.000000,0.300000,6.39167316e-02,nan,nan,nan
251,9.69637914e-04,2.79514840e-03,inf,3.40481289e-02,6,700000.000000,0.300000,7.39416471e-02,nan,nan,nan
252,9.40569166e-04,1.71944432e-03,inf,1.92176234e-02,6,700000.000000,0.300000,7.52878860e-02,2.01402690e+01,3.62524793e-02,4.81518093e-01
253,8.88412417e-04,1.57438764e-03,inf,1.55754816e-02,6,700000.000000,0.300000,7.20310504e-02,nan,nan,nan
254,8.64549403e-04,1.37238149e-03,inf,8.23555049e-03,6,700000.000000,0.300000,6.64743029e-02,nan,nan,nan
255,8.49351598e-04,1.70199602e-03,inf,2.52703093e-02,6,700000.000000,0.300000,6.26619542e-02,nan,nan,nan
256,9.06373041e-04,1.56149107e-03,inf,2.23353542e-02,6,700000.000000,0.300000,7.94706505e-02,1.73083202e+01,3.11549758e-02,3.92031216e-01
257,8.07651760e-04,1.51071013e-03,inf,2.06129644e-02,6,700000.000000,0.300000,6.19749869e-02,nan,nan,nan
258,8.38992711e-04,1.49374766e-03,inf,8.49417131e-03,6,700000.000000,0.300000,6.77299215e-02,nan,nan,nan
259,9.06436707e-04,1.52728779e-03,inf,1.31345391e-02,6,700000.000000,0.300000,6.91678681e-02,nan,nan,nan
260,8.73801605e-04,1.44018365e-03,inf,1.88302044e-02,6,700000.000000,0.300000,6.67883192e-02,1.60089414e+01,2.88160982e-02,4.31454160e-01
261,8.76696800e-04,1.38005320e-03,inf,1.19281877e-02,6,700000.000000,0.300000,7.40614717e-02,nan,nan,nan
262,8.16438887e-04,1.74020868e-03,inf,1.66802816e-02,6,700000.000000,0.300000,5.65958351e-02,nan,nan,nan
263,9.48865864e-04,1.39369000e-03,inf,1.00713968e-02,6,700000.000000,0.300000,8.27548230e-02,nan,nan,nan
264,9.63993860e-04,1.43803353e-03,inf,6.85697282e-03,6,700000.000000,0.300000,7.96680867e-02,6.17697697e+00,1.11185589e-02,1.39561013e-01
265,8.48859866e-04,1.31792343e-03,inf,7.19846180e-03,6,700000.000000,0.300000,6.28688032e-02,nan,nan,nan
266,8.33231074e-04,1.57437700e-03,inf,1.66082475e-02,6,700000.000000,0.300000,6.49887355e-02,nan,nan,nan
267,1.00553727e-03,1.44466823e-03,inf,1.27496524e-02,6,700000.000000,0.300000,8.30241188e-02,nan,nan,nan
268,7.86757149e-04,2.67667749e-03,inf,5.99850193e-02,6,700000.000000,0.300000,5.96454273e-02,1.57916571e+01,2.84249820e-02,4.76565989e-01
269,9.30668505e-04,1.38155692e-03,inf,8.44418351e-03,6,700000.000000,0.300000,7.95931702e-02,nan,nan,nan
270,8.11350271e-04,1.34763161e-03,inf,7.77985016e-03,6,700000.000000,0.300000,6.26328508e-02,nan,nan,nan
271,8.64155334e-04,1.27322350e-03,inf,8.62936117e-03,6,700000.000000,0.300000,6.62836475e-02,nan,nan,nan
272,8.49701619e-04,1.62120607e-03,inf,1.21356072e-02,6,700000.000000,0.300000,5.92571076e-02,1.70875587e+01,3.07576138e-02,5.19053580e-01
273,8.37465596e-04,1.62015553e-03,inf,1.21855456e-02,6,700000.000000,0.300000,6.24484839e-02,nan,nan,nan
274,8.28563985e-04,1.35904719e-03,inf,1.14064757e-02,6,700000.000000,0.300000,6.41073850e-02,nan,nan,nan
275,7.48892986e-04,1.64064596e-03,inf,1.93929356e-02,6,700000.000000,0.300000,6.31590393e-02,nan,nan,nan
276,9.33120461e-04,1.59780707e-03,inf,8.77515599e-03,6,700000.000000,0.300000,8.00392885e-02,8.22672738e+00,1.48081097e-02,1.85010512e-01
277,8.79349536e-04,1.44266546e-03,inf,1.21687856e-02,6,700000.000000,0.300000,8.03021472e-02,nan,nan,nan
278,7.71133405e-04,1.30122475e-03,inf,9.96261928e-03,6,700000.000000,0.300000,5.95585376e-02,nan,nan,nan
279,7.18951753e-04,1.39247344e-03,inf,1.55144390e-02,6,700000.000000,0.300000,5.62484340e-02,nan,nan,nan
280,7.86219014e-04,1.62881862e-03,inf,1.47589687e-02,6,700000.000000,0.300000,6.81279152e-02,1.92371427e+01,3.46268615e-02,5.08262456e-01
281,8.75380002e-04,1.39593343e-03,inf,9.20062792e-03,6,700000.000000,0.300000,6.68983558e-02,nan,nan,nan
282,7.47691837e-04,1.81129498e-03,inf,1.30333873e-02,6,700000.000000,0.300000,5.92159996e-02,nan,nan,nan
283,8.54814613e-04,1.31851544e-03,inf,8.97625647e-03,6,700000.000000,0.300000,7.80582065e-02,nan,nan,nan
284,8.70449356e-04,1.35446035e-03,inf,9.78568662e-03,6,700000.000000,0.300000,6.98129362e-02,9.47581880e+00,1.70564718e-02,2.44316780e-01
285,8.16345699e-04,1.50675218e-03,inf,1.35606360e-02,6,700000.000000,0.300000,6.75323361e-02,nan,nan,nan
286,7.90329596e-04,1.24419915e-03,inf,9.66126937e-03,6,700000.000000,0.300000,6.29982500e-02,nan,nan,nan
287,7.08118184e-04,1.30490214e-03,inf,7.42618507e-03,6,700000.000000,0.300000,5.28884012e-02,nan,nan,nan
288,7.47227443e-04,1.17688363e-03,inf,7.97183346e-03,6,700000.000000,0.300000,5.76937803e-02,1.25866626e+01,2.26559888e-02,3.92693783e-01
289,7.66632278e-04,1.32476821e-03,inf,9.12329648e-03,6,700000.000000,0.300000,6.31382985e-02,nan,nan,nan
290,8.23491766e-04,1.31478775e-03,inf,7.05984607e-03,6,700000.000000,0.300000,7.37198620e-02,nan,nan,nan
291,8.30668472e-04,1.31308347e-03,inf,6.55243453e-03,6,700000.000000,0.300000,7.04878744e-02,nan,nan,nan
292,7.37984000e-04,1.21079290e-03,inf,2.40964629e-02,6,700000.000000,0.300000,5.88556655e-02,2.03541553e+01,3.66374742e-02,6.22496984e-01
293,7.68903195e-04,1.33984547e-03,inf,1.29646286e-02,6,700000.000000,0.300000,6.97938225e-02,nan,nan,nan
294,8.66975554e-04,1.37794029e-03,inf,7.57929822e-03,6,700000.000000,0.300000,7.46108411e-02,nan,nan,nan
295,7.99667352e-04,1.38348993e-03,inf,1.64865367e-02,6,700000.000000,0.300000,6.98853760e-02,nan,nan,nan
296,7.48554089e-04,1.47603049e-03,inf,1.11805685e-02,6,700000.000000,0.300000,6.59625150e-02,1.08169835e+01,1.94705678e-02,2.95176250e-01
297,7.22899824e-04,1.52083282e-03,inf,2.07473096e-02,6,700000.000000,0.300000,5.77824121e-02,nan,nan,nan
298,9.46581788e-04,1.66146620e-03,inf,1.59123279e-02,6,700000.000000,0.300000,8.11598070e-02,nan,nan,nan
299,8.42231733e-04,1.31585897e-03,inf,1.41485529e-02,6,700000.000000,0.300000,7.17896110e-02,nan,nan,nan
300,8.85142559e-04,1.24583952e-03,inf,1.53806852e-02,6,700000.000000,0.300000,7.26367629e-02,1.37016006e+01,2.46628806e-02,3.39537166e-01
301,7.18744644e-04,1.17988205e-03,inf,9.46622994e-03,0,,,6.17027928e-02,nan,nan,nan
302,6.96926873e-04,1.19932888e-03,inf,1.03410501e-02,0,,,5.58758378e-02,nan,nan,nan
303,6.57884779e-04,1.27148931e-03,inf,7.64748594e-03,0,,,5.59793927e-02,nan,nan,nan
304,7.12476831e-04,1.41468474e-03,inf,8.46001506e-03,0,,,6.00006498e-02,5.69497308e+00,1.02509516e-02,1.70847344e-01
305,7.79188623e-04,1.22500687e-03,inf,7.34846573e-03,0,,,7.84479176e-02,nan,nan,nan
306,7.79696962e-04,1.25474367e-03,inf,1.01683568e-02,0,,,6.69533738e-02,nan,nan,nan
307,8.25200206e-04,1.37745776e-03,inf,1.24317678e-02,0,,,7.32933001e-02,nan,nan,nan
308,7.86757184e-04,1.23082527e-03,inf,8.07870366e-03,0,,,6.60018221e-02,8.53663706e+00,1.53659416e-02,2.32810870e-01
309,7.13181784e-04,1.21551424e-03,inf,6.05830085e-03,0,,,6.79698337e-02,nan,nan,nan
310,6.58375260e-04,1.30704531e-03,inf,8.31319857e-03,0,,,5.48897481e-02,nan,nan,nan
311,6.90374939e-04,1.38823832e-03,inf,1.29443351e-02,0,,,5.78391580e-02,nan,nan,nan
312,7.37365246e-04,1.20479813e-03,inf,8.71406775e-03,0,,,6.23831167e-02,6.13672900e+00,1.10461148e-02,1.77068979e-01
313,6.92061076e-04,1.23931094e-03,inf,2.00503599e-02,0,,,5.75026057e-02,nan,nan,nan
314,6.65817859e-04,1.17222512e-03,inf,5.25667053e-03,0,,,5.89783903e-02,nan,nan,nan
315,6.45090045e-04,1.47445575e-03,inf,2.27513872e-02,0,,,5.54582520e-02,nan,nan,nan
316,6.89106894e-04,1.26094035e-03,inf,7.78828841e-03,0,,,6.61135720e-02,5.71607825e+00,1.02889399e-02,1.55625231e-01
317,6.66997575e-04,1.16206294e-03,inf,7.03728059e-03,0,,,6.17487187e-02,nan,nan,nan
318,6.11413999e-04,1.24182951e-03,inf,7.72672379e-03,0,,,4.83617690e-02,nan,nan,nan
319,6.33902867e-04,1.22872003e-03,inf,8.37781094e-03,0,,,5.57624140e-02,nan,nan,nan
320,6.09171844e-04,1.17428463e-03,inf,7.53188878e-03,0,,,5.14239721e-02,8.44776537e+00,1.52059800e-02,2.95698279e-01
321,6.01977724e-04,1.15823346e-03,inf,1.22378832e-02,0,,,4.55626641e-02,nan,nan,nan
322,5.99481661e-04,1.13136232e-03,inf,4.74984571e-03,0,,,5.05726994e-02,nan,nan,nan
323,5.78128698e-04,1.17871264e-03,inf,6.51700189e-03,0,,,4.26767973e-02,nan,nan,nan
324,6.24029928e-04,1.19161439e-03,inf,6.15008082e-03,0,,,5.27681772e-02,4.38453293e+00,7.89215862e-03,1.49562843e-01
325,5.83392657e-04,1.19551746e-03,inf,4.85820416e-03,0,,,4.30589347e-02,nan,nan,nan
326,5.60688641e-04,1.27414635e-03,inf,1.27293514e-02,0,,,4.21921271e-02,nan,nan,nan
327,5.65951426e-04,1.14930581e-03,inf,6.61772955e-03,0,,,4.28943524e-02,nan,nan,nan
328,5.82190933e-04,1.16927602e-03,inf,1.13247717e-02,0,,,4.66668154e-02,1.50690535e+01,2.71243008e-02,5.81233166e-01
329,5.51450260e-04,1.37632582e-03,inf,1.21694757e-02,0,,,4.18441901e-02,nan,nan,nan
330,5.65491473e-04,1.16455346e-03,inf,8.15224089e-03,0,,,5.02277685e-02,nan,nan,nan
331,5.66765094e-04,1.19733966e-03,inf,7.01336423e-03,0,,,4.30028721e-02,nan,nan,nan
332,5.58687968e-04,1.13097351e-03,inf,4.52220533e-03,0,,,4.14618871e-02,2.94712470e+00,5.30482429e-03,1.27944594e-01
333,5.15656513e-04,1.09228742e-03,inf,4.66644811e-03,0,,,3.45088535e-02,nan,nan,nan
334,5.19013018e-04,1.13712606e-03,inf,5.55745885e-03,0,,,3.84472998e-02,nan,nan,nan
335,4.95898202e-04,1.17655883e-03,inf,6.49743062e-03,0,,,3.44938175e-02,nan,nan,nan
336,4.93891609e-04,1.07454217e-03,inf,8.47516116e-03,0,,,3.58166353e-02,8.74249942e+00,1.57364988e-02,4.39362846e-01
337,4.84140178e-04,1.09595385e-03,inf,4.10785573e-03,0,,,3.20994148e-02,nan,nan,nan
338,4.82236792e-04,1.09611930e-03,inf,4.40310175e-03,0,,,3.09955729e-02,nan,nan,nan
339,4.75597901e-04,1.07102593e-03,inf,7.96933752e-03,0,,,2.96263029e-02,nan,nan,nan
340,4.63879803e-04,1.11869471e-03,inf,5.19388029e-03,0,,,2.62012343e-02,4.05272048e+00,7.29489789e-03,2.78418100e-01
341,4.63246792e-04,1.11674648e-03,inf,3.72663653e-03,0,,,2.77982914e-02,nan,nan,nan
342,4.63292023e-04,1.06427905e-03,inf,4.38349415e-03,0,,,2.78614215e-02,nan,nan,nan
343,4.57871142e-04,1.06541954e-03,inf,7.18223536e-03,0,,,2.68006058e-02,nan,nan,nan
344,4.47544201e-04,1.07803474e-03,inf,5.23218233e-03,0,,,2.28233352e-02,5.34390498e+00,9.61902774e-03,4.21455833e-01
345,4.47051423e-04,1.04928962e-03,inf,4.51107975e-03,0,,,2.46830535e-02,nan,nan,nan
346,4.41431541e-04,1.07096145e-03,inf,4.28508315e-03,0,,,2.29078476e-02,nan,nan,nan
347,4.40545364e-04,1.06257302e-03,inf,5.16013661e-03,0,,,2.30187547e-02,nan,nan,nan
348,4.36101640e-04,1.06536572e-03,inf,3.40085546e-03,0,,,2.19120450e-02,1.94849459e+00,3.50728969e-03,1.60062180e-01
349,4.31973132e-04,1.06889889e-03,inf,4.38792538e-03,0,,,2.12780416e-02,nan,nan,nan
350,4.28762220e-04,1.05504283e-03,inf,4.29832796e-03,0,,,1.90009279e-02,nan,nan,nan
351,4.26182324e-04,1.03497554e-03,inf,3.17169284e-03,0,,,2.01064262e-02,nan,nan,nan
352,4.25912005e-04,1.03433494e-03,inf,3.83170624e-03,0,,,2.03866745e-02,1.52321823e+00,2.74179320e-03,1.34489478e-01
353,4.22074942e-04,1.05307088e-03,inf,3.66933900e-03,0,,,1.77015447e-02,nan,nan,nan
354,4.21551946e-04,1.04801788e-03,inf,4.48847283e-03,0,,,1.89710544e-02,nan,nan,nan
355,4.17963546e-04,1.04526750e-03,inf,3.98758333e-03,0,,,1.66830484e-02,nan,nan,nan
356,4.15827019e-04,1.03978435e-03,inf,4.04430786e-03,0,,,1.60282273e-02,1.87681006e+00,3.37825872e-03,2.10769330e-01
357,4.15850456e-04,1.04860346e-03,inf,4.94088465e-03,0,,,1.67108403e-02,nan,nan,nan
358,4.14636093e-04,1.03416985e-03,inf,4.77504823e-03,0,,,1.61667371e-02,nan,nan,nan
359,4.13429433e-04,1.04683768e-03,inf,4.00324957e-03,0,,,1.63277076e-02,nan,nan,nan
360,4.13471399e-04,1.04388669e-03,inf,4.31066612e-03,0,,,1.62125445e-02,2.12551254e+00,3.82592337e-03,2.35985373e-01
RUN_END 2026-08-04 10:12:01 total_time_s=32849.48
