epoch,train_loss,val_loss,rollout_raw,rollout_plus_ag_pre_cap,rollout_capped
1,3.67591723e-02,1.98056418e-02,nan,nan,nan
2,2.14825390e-02,1.35106029e-02,nan,nan,nan
3,1.67788791e-02,1.03508687e-02,nan,nan,nan
4,1.34690066e-02,9.66279606e-03,nan,nan,nan
5,1.12079044e-02,1.51957403e-02,nan,nan,nan
6,1.14028962e-02,1.00357149e-02,nan,nan,nan
7,1.06108586e-02,7.24563594e-03,nan,nan,nan
8,8.79095590e-03,6.56118340e-03,nan,nan,nan
9,8.30953697e-03,6.27626386e-03,nan,nan,nan
10,7.74882153e-03,9.39344802e-03,nan,nan,nan
11,7.61888266e-03,7.05523313e-03,nan,nan,nan
12,7.35510070e-03,5.60568610e-03,nan,nan,nan
13,7.20128121e-03,6.46589894e-03,nan,nan,nan
14,6.50433174e-03,5.52409419e-03,nan,nan,nan
15,6.31729483e-03,5.07704008e-03,nan,nan,nan
16,5.78388247e-03,4.92490102e-03,nan,nan,nan
17,6.56372900e-03,5.95560885e-03,nan,nan,nan
18,5.69876628e-03,4.86205889e-03,nan,nan,nan
19,5.46169937e-03,5.32751413e-03,nan,nan,nan
20,6.43243324e-03,4.83080600e-03,nan,nan,nan
21,4.96337784e-03,4.49424670e-03,nan,nan,nan
22,5.16180640e-03,4.56057489e-03,nan,nan,nan
23,5.08309896e-03,4.43548209e-03,nan,nan,nan
24,6.34874305e-03,4.32027249e-03,nan,nan,nan
25,4.55762579e-03,4.06811067e-03,nan,nan,nan
26,5.28472915e-03,4.41204427e-03,nan,nan,nan
27,5.20988524e-03,4.63972269e-03,nan,nan,nan
28,4.48688279e-03,4.24545925e-03,nan,nan,nan
29,4.69688012e-03,3.91497172e-03,nan,nan,nan
30,4.70333888e-03,5.31890213e-03,nan,nan,nan
31,4.60057105e-03,3.80721595e-03,nan,nan,nan
32,5.54583748e-03,3.62054411e-03,nan,nan,nan
33,3.84007913e-03,3.81902082e-03,nan,nan,nan
34,4.05456385e-03,4.54109409e-03,nan,nan,nan
35,3.86780897e-03,3.54080396e-03,nan,nan,nan
36,4.02667865e-03,3.51472323e-03,nan,nan,nan
37,4.04105367e-03,3.56026165e-03,nan,nan,nan
38,3.63307722e-03,3.47709838e-03,nan,nan,nan
39,4.53367842e-03,3.86943177e-03,nan,nan,nan
40,3.54140786e-03,3.30026935e-03,nan,nan,nan
41,4.05035138e-03,5.40315931e-03,1.25455409e-02,1.30858226e-02,1.28693506e-02
42,3.42534811e-03,3.49600070e-03,4.99617308e-03,5.11055579e-03,5.11055579e-03
43,3.44085573e-03,4.75599572e-03,1.15004834e-02,1.18164802e-02,1.18164802e-02
44,3.63732348e-03,3.49364619e-03,2.89927563e-03,3.42908129e-03,3.42908129e-03
45,3.41081616e-03,3.36286164e-03,5.45221847e-03,5.53309452e-03,5.53309452e-03
46,3.77413400e-03,3.21137174e-03,3.98577377e-03,4.09989338e-03,4.09989338e-03
47,4.58668536e-03,3.78966716e-03,8.65335856e-03,1.02358563e-02,9.80837457e-03
48,3.04755189e-03,3.74770159e-03,7.10729742e-03,1.32311340e-02,1.28107397e-02
49,3.08464550e-03,3.42182531e-03,2.87171034e-03,3.12420749e-03,3.12420749e-03
50,3.82496257e-03,3.46336792e-03,3.90093098e-03,4.19388153e-03,4.19388153e-03
51,3.29027996e-03,3.12020000e-03,4.00075223e-03,4.07427456e-03,4.07427456e-03
52,2.66784954e-03,3.25150995e-03,5.32826036e-03,5.38217556e-03,5.38217556e-03
53,2.85400071e-03,4.61230534e-03,8.76886863e-03,8.89716484e-03,8.89716484e-03
54,3.16422626e-03,2.94944858e-03,2.53509847e-03,2.74187815e-03,2.74187815e-03
55,3.49923354e-03,4.86356348e-03,1.07040722e-02,1.09288860e-02,1.09288860e-02
56,3.01166217e-03,4.02683474e-03,5.42638451e-03,5.95602114e-03,5.95602114e-03
57,2.93434286e-03,2.85286373e-03,4.92959376e-03,5.43445582e-03,5.43445582e-03
58,2.56213702e-03,3.65419759e-03,2.99716974e-03,3.21720983e-03,3.21720983e-03
59,3.14636539e-03,3.00033981e-03,4.50736377e-03,4.56047151e-03,4.56047151e-03
60,3.23658535e-03,3.45483827e-03,5.20423427e-03,6.42256811e-03,6.42256811e-03
61,2.89324077e-03,3.18279508e-03,4.96957218e-03,5.48546948e-03,5.48546948e-03
62,2.46535244e-03,3.35889701e-03,4.12142649e-03,4.13900753e-03,4.13900753e-03
63,2.70169186e-03,4.89407079e-03,6.73433021e-03,6.85679680e-03,6.85679680e-03
64,3.12087681e-03,3.04341619e-03,4.44182148e-03,4.56702244e-03,4.56702244e-03
65,2.60055762e-03,4.01643485e-03,1.38643440e-02,1.43212173e-02,1.41050639e-02
66,3.47743956e-03,4.29520426e-03,6.99580740e-03,7.14522507e-03,7.14522507e-03
67,4.87178503e-03,2.90138855e-03,2.72348779e-03,2.78323330e-03,2.78323330e-03
68,2.89101682e-03,2.84616485e-03,4.01428575e-03,4.04300122e-03,4.04300122e-03
69,2.42228020e-03,3.52942679e-03,5.86720044e-03,5.96750295e-03,5.96750295e-03
70,2.53394753e-03,3.23280132e-03,5.95730403e-03,6.14128402e-03,6.14128402e-03
71,2.93929212e-03,2.70250646e-03,4.13816236e-03,4.65837680e-03,4.65837680e-03
72,2.50616818e-03,3.47416844e-03,6.90064719e-03,7.59180496e-03,7.59180496e-03
73,2.24157704e-03,3.08131437e-03,3.25803761e-03,3.33323143e-03,3.33323143e-03
74,2.25274723e-03,2.68683404e-03,2.63936887e-03,2.67193746e-03,2.67193746e-03
75,2.18513482e-03,2.56574904e-03,2.38611060e-03,2.43481621e-03,2.43481621e-03
76,2.78851949e-03,2.92801200e-03,4.10039024e-03,4.15759580e-03,4.15759580e-03
77,2.40156101e-03,2.75423641e-03,2.12410535e-03,2.17925897e-03,2.17925897e-03
78,3.58078084e-03,2.60696512e-03,1.74866489e-03,1.80216250e-03,1.80216250e-03
79,2.27376970e-03,2.48970409e-03,2.36754166e-03,2.40711682e-03,2.40711682e-03
80,2.18942102e-03,2.17653991e-03,1.58268493e-03,1.64764002e-03,1.64764002e-03
81,2.12568526e-03,4.53803861e-03,2.11384017e-02,2.21342631e-02,2.17546560e-02
82,2.48603769e-03,2.59829456e-03,3.76161677e-03,4.03535087e-03,4.03535087e-03
83,2.02321197e-03,2.47000170e-03,6.94361189e-03,7.10827857e-03,7.10827857e-03
84,2.05625190e-03,2.83882676e-03,6.35705143e-03,6.67355349e-03,6.67355349e-03
85,2.52822949e-03,2.37150880e-03,4.07735212e-03,4.50896751e-03,4.50896751e-03
86,2.65878509e-03,2.86772913e-03,7.27792177e-03,7.99241848e-03,7.80840591e-03
87,2.10164687e-03,4.65636563e-03,1.15053887e-02,1.21722240e-02,1.18396208e-02
88,3.33529424e-03,2.33348848e-03,5.63954283e-03,7.78957084e-03,7.71508086e-03
89,2.27373986e-03,2.20907603e-03,2.75215786e-03,3.08584934e-03,3.08584934e-03
90,2.20859252e-03,2.24441396e-03,2.64736498e-03,3.14358482e-03,3.14358482e-03
91,1.83993036e-03,2.46722926e-03,2.20123795e-03,2.67788209e-03,2.67788209e-03
92,1.86097238e-03,2.67443593e-03,1.09421480e-02,1.13679338e-02,1.13660637e-02
93,1.81960579e-03,2.28451288e-03,5.00700483e-03,5.24075422e-03,5.16870152e-03
94,2.08457482e-03,3.56675370e-03,6.84939418e-03,7.09297415e-03,7.09297415e-03
95,2.70415725e-03,2.26186013e-03,3.07426834e-03,3.67479958e-03,3.67479958e-03
96,2.11681471e-03,7.70061647e-03,6.32385984e-02,9.07230750e-02,3.29351723e-02
97,2.32956280e-03,2.17757380e-03,3.33878468e-03,3.76813370e-03,3.76813370e-03
98,1.76314196e-03,2.44029290e-03,2.72028940e-03,2.86182715e-03,2.86182715e-03
99,2.02776819e-03,2.37952594e-03,3.72345070e-03,3.92891979e-03,3.92891979e-03
100,1.73648117e-03,2.28220054e-03,5.16442489e-03,5.44014806e-03,5.44014806e-03
101,2.00257103e-03,3.12646697e-03,7.35755404e-03,8.39856826e-03,8.39856826e-03
102,1.70832373e-03,2.14219738e-03,3.18629178e-03,3.35231284e-03,3.35231284e-03
103,1.70560180e-03,2.14598479e-03,3.10614519e-03,3.44386091e-03,3.44386091e-03
104,1.69478874e-03,2.23917950e-03,2.57928297e-03,2.75721564e-03,2.75721564e-03
105,2.13186762e-03,2.38619719e-03,6.21367106e-03,6.81160111e-03,6.81160111e-03
106,1.98258576e-03,2.23043000e-03,4.33027511e-03,4.48631495e-03,4.48631495e-03
107,2.38488965e-03,2.56279973e-03,2.62524141e-03,2.74812290e-03,2.74812290e-03
108,1.84815080e-03,2.06877124e-03,3.29169212e-03,3.50104412e-03,3.50104412e-03
109,1.59170803e-03,2.00968063e-03,2.53184536e-03,2.73199123e-03,2.73199123e-03
110,1.53734840e-03,2.01869578e-03,8.02521966e-03,9.27216746e-03,9.22824536e-03
111,1.68848365e-03,2.13888113e-03,4.23433445e-03,4.92726034e-03,4.92726034e-03
112,1.87285470e-03,2.12497227e-03,2.39304896e-03,2.56904820e-03,2.56904820e-03
113,2.14389576e-03,2.51120419e-03,5.46790985e-03,6.03134977e-03,6.03134977e-03
114,1.74769907e-03,4.44114994e-03,1.34788426e-02,1.40969884e-02,1.40602393e-02
115,1.75855985e-03,2.28560713e-03,6.22530375e-03,6.57600630e-03,6.57600630e-03
116,1.50527294e-03,2.00759942e-03,2.37165485e-03,2.50391150e-03,2.50391150e-03
117,1.56103415e-03,2.10325090e-03,3.40566784e-03,3.55702452e-03,3.55702452e-03
118,1.69402597e-03,2.72397217e-03,5.52416267e-03,5.78477839e-03,5.78477839e-03
119,1.57785934e-03,1.87824452e-03,2.61048297e-03,2.77298084e-03,2.77298084e-03
120,1.55141263e-03,2.20030663e-03,2.48711044e-03,2.69349269e-03,2.69349269e-03
121,1.83230448e-03,2.44676304e-03,6.43030461e-03,7.36986380e-03,7.36986380e-03
122,1.95976788e-03,2.06106590e-03,4.85405698e-03,6.61009457e-03,6.61009457e-03
123,1.93510739e-03,2.14004156e-03,3.15474416e-03,3.68259475e-03,3.68259475e-03
124,1.43440269e-03,1.79178478e-03,3.39172268e-03,3.66164860e-03,3.66164860e-03
125,1.49478104e-03,2.23802948e-03,5.80429519e-03,6.03847299e-03,6.03847299e-03
126,1.47395662e-03,1.99774798e-03,5.70385484e-03,6.77204737e-03,6.77204737e-03
127,1.39444614e-03,1.92352808e-03,6.40596915e-03,6.57494506e-03,6.57494506e-03
128,1.44345829e-03,2.14586933e-03,3.55679472e-03,3.74944741e-03,3.74944741e-03
129,1.56024452e-03,3.41809713e-03,5.06613851e-02,5.14158495e-02,2.91432254e-02
130,2.38559379e-03,1.86138035e-03,6.21541310e-03,6.37419149e-03,6.37419149e-03
131,1.59008943e-03,1.77029976e-03,4.48533520e-03,4.79676854e-03,4.79676854e-03
132,1.31844698e-03,2.09578701e-03,3.51951877e-03,4.07577213e-03,4.07577213e-03
133,1.33110956e-03,1.82980825e-03,5.53947454e-03,5.94139379e-03,5.94139379e-03
134,1.40880743e-03,3.33473999e-03,2.37286761e-02,2.47379560e-02,2.14817766e-02
135,1.59803866e-03,2.32729132e-03,7.49339256e-03,8.32687970e-03,8.32687970e-03
136,1.76962875e-03,1.98192170e-03,4.08019545e-03,4.34858259e-03,4.34858259e-03
137,1.50445259e-03,2.07170197e-03,5.12866210e-03,5.39951026e-03,5.39951026e-03
138,1.55204871e-03,2.21469166e-03,5.32539282e-03,6.04336243e-03,6.04336243e-03
139,1.50213324e-03,2.08639496e-03,6.04853779e-03,6.37695566e-03,6.37695566e-03
140,1.42096988e-03,1.79763040e-03,4.28985199e-03,4.49373620e-03,4.49373620e-03
141,1.25722507e-03,2.88383299e-03,1.07654631e-02,1.30923716e-02,1.29396301e-02
142,1.32523295e-03,2.56812969e-03,4.77389945e-03,5.34756016e-03,5.34756016e-03
143,1.41748365e-03,2.13786935e-03,5.18395239e-03,6.03515841e-03,6.03515841e-03
144,1.36277895e-03,2.21818015e-03,7.03154039e-03,7.69684184e-03,7.69684184e-03
145,1.33894457e-03,1.91508139e-03,4.23394609e-03,4.61984519e-03,4.61984519e-03
146,1.37420075e-03,2.58450808e-03,1.01245586e-02,1.05771264e-02,1.05771264e-02
147,1.52464966e-03,2.22077504e-03,4.00291011e-03,4.10339888e-03,4.10339888e-03
148,1.27387177e-03,1.93854238e-03,1.10341515e-02,1.13912039e-02,1.09340940e-02
149,1.49201970e-03,2.04878210e-03,8.68946873e-03,9.14266519e-03,9.14266519e-03
150,1.31007837e-03,1.74198638e-03,4.32251114e-03,4.75933449e-03,4.75933449e-03
151,1.42859852e-03,1.98390041e-03,4.62302705e-03,5.33961877e-03,5.33961877e-03
152,1.17646858e-03,2.23821417e-03,1.54343890e-02,1.60233583e-02,1.59824882e-02
153,1.40544685e-03,1.85777587e-03,4.62545920e-03,5.27503761e-03,5.27503761e-03
154,1.65246633e-03,1.87170726e-03,5.04476437e-03,5.22109587e-03,5.22109587e-03
155,1.29276349e-03,2.11580744e-03,1.03046168e-02,1.04491999e-02,1.04491999e-02
156,1.31764485e-03,1.89915420e-03,4.78809187e-03,6.04835199e-03,6.04835199e-03
157,1.25471108e-03,1.80462476e-03,5.12250140e-03,6.02480350e-03,6.02480350e-03
158,1.37608644e-03,2.73459835e-03,6.85566198e-03,7.56497774e-03,7.56497774e-03
159,1.44285404e-03,2.06357189e-03,6.63115177e-03,8.31536576e-03,8.27558991e-03
160,1.39677947e-03,1.75272813e-03,4.03531222e-03,4.34795441e-03,4.34795441e-03
161,1.25157401e-03,1.70969817e-03,1.03482138e-02,1.11645795e-02,1.10691404e-02
162,1.11654617e-03,1.66269055e-03,6.29417691e-03,7.17242574e-03,7.17242574e-03
163,1.04813157e-03,1.83381551e-03,8.98364838e-03,1.00329053e-02,1.00329053e-02
164,1.11284003e-03,1.68921973e-03,5.11682313e-03,6.28687954e-03,6.28687954e-03
165,1.26182985e-03,2.01192486e-03,5.61267836e-03,6.44060317e-03,6.30208384e-03
166,1.47981222e-03,2.28322259e-03,1.08008413e-02,1.12905893e-02,1.12905893e-02
167,1.20344687e-03,1.65886143e-03,6.97850296e-03,7.62061542e-03,7.48565188e-03
168,1.23033266e-03,3.33425437e-03,1.91340689e-02,2.00493224e-02,1.87994428e-02
169,2.50703655e-03,2.15010775e-03,1.20487195e-02,1.33982394e-02,1.30242351e-02
170,1.35213494e-03,1.73482774e-03,1.00751519e-02,1.09548941e-02,1.06608942e-02
171,1.23186819e-03,1.97319635e-03,9.41527728e-03,1.30211320e-02,1.27442824e-02
172,1.27261190e-03,1.66370556e-03,5.05649205e-03,6.20489474e-03,6.20489474e-03
173,1.21773827e-03,1.69191862e-03,1.21868905e-02,1.24714719e-02,1.22423340e-02
174,1.10022212e-03,1.78142885e-03,5.31645352e-03,6.47588167e-03,6.40200963e-03
175,1.28482098e-03,1.84642453e-03,1.12147201e-02,1.32423285e-02,1.28191989e-02
176,1.16104930e-03,1.82635318e-03,1.42831113e-02,1.58303939e-02,1.50834518e-02
177,1.14224267e-03,1.81607601e-03,7.66591588e-03,8.18776619e-03,8.09869356e-03
178,1.05324832e-03,2.47675446e-03,4.39285021e-03,4.67223208e-03,4.67223208e-03
179,1.09449707e-03,1.81381971e-03,1.61410701e-02,1.79025475e-02,1.64751522e-02
180,1.04766464e-03,1.62043923e-03,3.94382747e-03,4.29818267e-03,4.29818267e-03
181,1.21270431e-03,1.82539003e-03,4.96695470e-03,5.79512771e-03,5.79512771e-03
182,1.13389532e-03,1.91714197e-03,8.16088729e-03,9.15759616e-03,9.15759616e-03
183,1.28228333e-03,1.77338671e-03,5.59141953e-03,6.20904099e-03,6.20904099e-03
184,1.25869610e-03,1.52466552e-03,4.75797663e-03,4.96156421e-03,4.91276430e-03
185,1.22651041e-03,1.69769957e-03,4.54589631e-03,5.44068962e-03,5.44068962e-03
186,1.05364889e-03,1.51481607e-03,5.55132050e-03,6.13198429e-03,6.09806599e-03
187,1.17099057e-03,1.75072182e-03,1.08293798e-02,1.12020485e-02,1.10752331e-02
188,1.01866602e-03,1.59483633e-03,6.88653206e-03,7.11834431e-03,7.11829681e-03
189,1.09415510e-03,2.31803158e-03,6.86186273e-03,8.08656402e-03,8.08656402e-03
190,1.10378388e-03,1.53225508e-03,1.06702503e-02,1.14525696e-02,1.13145579e-02
191,1.13305497e-03,2.03602716e-03,1.13007799e-02,1.18651325e-02,1.18651325e-02
192,2.20417236e-03,1.66798075e-03,9.70783085e-03,1.30798640e-02,1.26383128e-02
193,1.21198345e-03,2.14347239e-03,1.81963071e-02,1.86821874e-02,1.78402588e-02
194,1.04820571e-03,1.47892088e-03,8.52673501e-03,8.90367106e-03,8.90367106e-03
195,1.00685699e-03,1.49191282e-03,1.24241337e-02,1.41652767e-02,1.38398185e-02
196,1.09328509e-03,1.45317132e-03,5.32013783e-03,5.76057239e-03,5.76057239e-03
197,9.94608675e-04,2.13330945e-03,2.36690845e-02,2.49612145e-02,2.04157420e-02
198,1.14308060e-03,1.58439186e-03,3.51066585e-03,4.57068952e-03,4.57068952e-03
199,1.02886162e-03,1.70145965e-03,1.59411933e-02,1.74493194e-02,1.61981992e-02
200,9.87953294e-04,1.67436588e-03,1.17355660e-02,1.24671273e-02,1.22850891e-02
201,1.06328071e-03,2.12727052e-03,1.90814249e-02,2.08574571e-02,1.79753676e-02
202,1.05802696e-03,1.89400672e-03,7.40168989e-03,8.72096978e-03,8.72096978e-03
203,1.07343200e-03,2.50962629e-03,1.23227481e-02,1.42119722e-02,1.39912246e-02
204,1.34257036e-03,1.46000291e-03,5.38417045e-03,6.07452635e-03,6.07452635e-03
205,1.05720544e-03,1.67781573e-03,6.29985798e-03,7.97428750e-03,7.34121818e-03
206,1.08458553e-03,1.40865044e-03,6.84860116e-03,9.56099294e-03,9.56099294e-03
207,9.62007850e-04,1.58643536e-03,1.04593355e-02,1.42401364e-02,1.37765808e-02
208,9.90728394e-04,1.57554876e-03,1.71285886e-02,1.83502920e-02,1.78499278e-02
209,1.28612041e-03,1.70241957e-03,1.13428477e-02,1.27428053e-02,1.24092652e-02
210,1.07373802e-03,2.21226788e-03,3.43382880e-02,6.04781285e-02,2.60839947e-02
211,1.11433598e-03,1.57111856e-03,1.11095663e-02,1.25736017e-02,1.19959936e-02
212,9.69774423e-04,1.52358034e-03,8.52539670e-03,9.12012812e-03,8.85111280e-03
213,9.58268669e-04,1.37457070e-03,7.03823287e-03,8.15540366e-03,8.06485582e-03
214,1.01565605e-03,1.89715791e-03,1.27774458e-02,1.56432278e-02,1.49995480e-02
215,1.02250120e-03,1.55467497e-03,9.27838683e-03,1.03868591e-02,1.03868591e-02
216,9.87942794e-04,1.45936586e-03,9.60221980e-03,1.13472566e-02,1.08348336e-02
217,9.30499911e-04,1.51237833e-03,7.56513607e-03,8.40175338e-03,8.40175338e-03
218,9.72750854e-04,2.42142291e-03,8.24841112e-03,8.81293230e-03,8.66402593e-03
219,1.12876861e-03,1.42999128e-03,6.86449045e-03,7.95658492e-03,7.73762446e-03
220,9.58860994e-04,1.71170862e-03,1.60494819e-02,1.65327489e-02,1.63427647e-02
221,9.43230160e-04,1.60324607e-03,1.04724737e-02,1.26389144e-02,1.26205776e-02
222,9.38376466e-04,1.64961582e-03,1.24869514e-02,1.28998663e-02,1.27020534e-02
223,9.19576577e-04,1.58502437e-03,8.97356682e-03,1.06005818e-02,1.05785187e-02
224,9.67038973e-04,1.75783276e-03,9.70469881e-03,1.02587612e-02,1.01913000e-02
225,9.06400637e-04,1.53577625e-03,1.05165951e-02,1.09100053e-02,1.06245847e-02
226,9.61488712e-04,1.77142276e-03,3.16541642e-02,3.23830545e-02,2.43951976e-02
227,1.05900642e-03,1.44400685e-03,7.08953571e-03,8.11660290e-03,8.11660290e-03
228,1.29138067e-03,1.50142616e-03,8.82073306e-03,1.02156149e-02,1.02156149e-02
229,9.82160987e-04,1.57921718e-03,1.69536732e-02,1.88346431e-02,1.82205550e-02
230,1.21285291e-03,1.55273185e-03,1.65308472e-02,1.75501127e-02,1.63258035e-02
231,8.68866063e-04,1.63871967e-03,8.71078856e-03,9.74155404e-03,9.63973347e-03
232,8.52490587e-04,1.37784380e-03,6.47239992e-03,7.53634935e-03,7.53634935e-03
233,8.71011205e-04,1.70261312e-03,1.22973192e-02,1.28499288e-02,1.23517988e-02
234,8.67680774e-04,1.59747562e-03,1.13370102e-02,1.26383957e-02,1.23017896e-02
235,9.29020268e-04,1.43981134e-03,8.16696975e-03,1.09079853e-02,1.09079853e-02
236,8.98554308e-04,1.99605309e-03,2.19836831e-02,2.33239681e-02,2.17268858e-02
237,9.65883049e-04,1.46434425e-03,7.84240663e-03,8.33498128e-03,8.33498128e-03
238,9.65140885e-04,1.42597284e-03,5.40962210e-03,7.31490413e-03,7.21253315e-03
239,8.85557447e-04,1.50002980e-03,6.73433533e-03,7.16625992e-03,7.16625992e-03
240,8.53869589e-04,1.41009619e-03,7.03110406e-03,7.62379030e-03,7.62379030e-03
241,9.02913002e-04,1.62176739e-03,1.52432574e-02,1.96551830e-02,1.84669718e-02
242,9.96524753e-04,1.36947750e-03,1.19100204e-02,1.31137874e-02,1.14480574e-02
243,9.90570123e-04,1.46774636e-03,1.89345479e-02,1.99451018e-02,1.75570585e-02
244,1.03050110e-03,1.37594064e-03,8.07496347e-03,8.89560487e-03,8.55665002e-03
245,9.69911629e-04,1.37390603e-03,1.01755662e-02,1.06787672e-02,1.06198508e-02
246,8.63098683e-04,1.45489409e-03,1.31961275e-02,1.41892210e-02,1.32663567e-02
247,8.15747991e-04,1.61269054e-03,1.42229870e-02,1.50628835e-02,1.29583227e-02
248,8.75332160e-04,1.40542037e-03,7.35494262e-03,7.82899559e-03,7.72040943e-03
249,8.40201035e-04,1.63254687e-03,9.10434127e-03,1.01885330e-02,1.01584680e-02
250,8.90727814e-04,1.77923790e-03,1.24968616e-02,1.51131703e-02,1.47175370e-02
251,9.69637914e-04,2.79514840e-03,3.40481289e-02,8.82905796e-02,3.13259028e-02
252,9.40569166e-04,1.71944432e-03,1.92176234e-02,2.24657487e-02,1.94570869e-02
253,8.88412417e-04,1.57438764e-03,1.55754816e-02,1.64659638e-02,1.49981510e-02
254,8.64549403e-04,1.37238149e-03,8.23555049e-03,1.00947944e-02,9.74034518e-03
255,8.49351598e-04,1.70199602e-03,2.52703093e-02,3.39260474e-02,2.05660127e-02
256,9.06373041e-04,1.56149107e-03,2.23353542e-02,2.32042857e-02,1.93577465e-02
257,8.07651760e-04,1.51071013e-03,2.06129644e-02,2.43595745e-02,1.74924172e-02
258,8.38992711e-04,1.49374766e-03,8.49417131e-03,8.86745937e-03,8.75853281e-03
259,9.06436707e-04,1.52728779e-03,1.31345391e-02,1.50235966e-02,1.41335307e-02
260,8.73801605e-04,1.44018365e-03,1.88302044e-02,2.03728192e-02,1.84036829e-02
261,8.76696800e-04,1.38005320e-03,1.19281877e-02,1.41141508e-02,1.32069085e-02
262,8.16438887e-04,1.74020868e-03,1.66802816e-02,1.79920401e-02,1.68993529e-02
263,9.48865864e-04,1.39369000e-03,1.00713968e-02,1.10195186e-02,9.96393152e-03
264,9.63993860e-04,1.43803353e-03,6.85697282e-03,7.24527845e-03,7.24527845e-03
265,8.48859866e-04,1.31792343e-03,7.19846180e-03,7.61110801e-03,7.61110801e-03
266,8.33231074e-04,1.57437700e-03,1.66082475e-02,1.75105594e-02,1.53730363e-02
267,1.00553727e-03,1.44466823e-03,1.27496524e-02,1.46059571e-02,1.42641012e-02
268,7.86757149e-04,2.67667749e-03,5.99850193e-02,6.55345917e-02,2.85990648e-02
269,9.30668505e-04,1.38155692e-03,8.44418351e-03,1.00517552e-02,9.99167096e-03
270,8.11350271e-04,1.34763161e-03,7.77985016e-03,8.36611446e-03,8.22201557e-03
271,8.64155334e-04,1.27322350e-03,8.62936117e-03,9.16690286e-03,9.11116228e-03
272,8.49701619e-04,1.62120607e-03,1.21356072e-02,1.38393939e-02,1.25028845e-02
273,8.37465596e-04,1.62015553e-03,1.21855456e-02,1.31231770e-02,1.30217355e-02
274,8.28563985e-04,1.35904719e-03,1.14064757e-02,1.33280102e-02,1.30535718e-02
275,7.48892986e-04,1.64064596e-03,1.93929356e-02,1.99992172e-02,1.78794730e-02
276,9.33120461e-04,1.59780707e-03,8.77515599e-03,9.08704847e-03,9.03165806e-03
277,8.79349536e-04,1.44266546e-03,1.21687856e-02,1.34628965e-02,1.30053665e-02
278,7.71133405e-04,1.30122475e-03,9.96261928e-03,1.05924010e-02,9.80302505e-03
279,7.18951753e-04,1.39247344e-03,1.55144390e-02,1.60866771e-02,1.52899595e-02
280,7.86219014e-04,1.62881862e-03,1.47589687e-02,1.84024535e-02,1.73455328e-02
281,8.75380002e-04,1.39593343e-03,9.20062792e-03,1.02585396e-02,1.01875179e-02
282,7.47691837e-04,1.81129498e-03,1.30333873e-02,1.43681783e-02,1.35298669e-02
283,8.54814613e-04,1.31851544e-03,8.97625647e-03,9.70459636e-03,9.49026551e-03
284,8.70449356e-04,1.35446035e-03,9.78568662e-03,1.01387538e-02,1.00601921e-02
285,8.16345699e-04,1.50675218e-03,1.35606360e-02,1.45526258e-02,1.43804457e-02
286,7.90329596e-04,1.24419915e-03,9.66126937e-03,1.05432626e-02,9.42547061e-03
287,7.08118184e-04,1.30490214e-03,7.42618507e-03,7.94717297e-03,7.92881753e-03
288,7.47227443e-04,1.17688363e-03,7.97183346e-03,1.01902410e-02,9.93384141e-03
289,7.66632278e-04,1.32476821e-03,9.12329648e-03,1.05544627e-02,1.04328124e-02
290,8.23491766e-04,1.31478775e-03,7.05984607e-03,7.61481840e-03,7.33741885e-03
291,8.30668472e-04,1.31308347e-03,6.55243453e-03,7.64035527e-03,7.63920089e-03
292,7.37984000e-04,1.21079290e-03,2.40964629e-02,2.55894028e-02,1.87669881e-02
293,7.68903195e-04,1.33984547e-03,1.29646286e-02,1.37224272e-02,1.25412000e-02
294,8.66975554e-04,1.37794029e-03,7.57929822e-03,7.79957604e-03,7.79441278e-03
295,7.99667352e-04,1.38348993e-03,1.64865367e-02,1.77746378e-02,1.56511329e-02
296,7.48554089e-04,1.47603049e-03,1.11805685e-02,1.21524688e-02,1.17501328e-02
297,7.22899824e-04,1.52083282e-03,2.07473096e-02,2.27943268e-02,1.88891534e-02
298,9.46581788e-04,1.66146620e-03,1.59123279e-02,1.66470408e-02,1.58518013e-02
299,8.42231733e-04,1.31585897e-03,1.41485529e-02,1.49461133e-02,1.42276790e-02
300,8.85142559e-04,1.24583952e-03,1.53806852e-02,1.67457722e-02,1.55962463e-02
301,7.18744644e-04,1.17988205e-03,9.46622994e-03,9.46622994e-03,9.24203452e-03
302,6.96926873e-04,1.19932888e-03,1.03410501e-02,1.03410501e-02,9.95746348e-03
303,6.57884779e-04,1.27148931e-03,7.64748594e-03,7.64748594e-03,7.61366636e-03
304,7.12476831e-04,1.41468474e-03,8.46001506e-03,8.46001506e-03,8.46001506e-03
305,7.79188623e-04,1.22500687e-03,7.34846573e-03,7.34846573e-03,7.34846573e-03
306,7.79696962e-04,1.25474367e-03,1.01683568e-02,1.01683568e-02,9.52733681e-03
307,8.25200206e-04,1.37745776e-03,1.24317678e-02,1.24317678e-02,1.18835596e-02
308,7.86757184e-04,1.23082527e-03,8.07870366e-03,8.07870366e-03,7.70389428e-03
309,7.13181784e-04,1.21551424e-03,6.05830085e-03,6.05830085e-03,5.99108078e-03
310,6.58375260e-04,1.30704531e-03,8.31319857e-03,8.31319857e-03,8.31319857e-03
311,6.90374939e-04,1.38823832e-03,1.29443351e-02,1.29443351e-02,1.25829475e-02
312,7.37365246e-04,1.20479813e-03,8.71406775e-03,8.71406775e-03,8.64038058e-03
313,6.92061076e-04,1.23931094e-03,2.00503599e-02,2.00503599e-02,1.58712212e-02
314,6.65817859e-04,1.17222512e-03,5.25667053e-03,5.25667053e-03,4.96356469e-03
315,6.45090045e-04,1.47445575e-03,2.27513872e-02,2.27513872e-02,2.11377703e-02
316,6.89106894e-04,1.26094035e-03,7.78828841e-03,7.78828841e-03,7.72035867e-03
317,6.66997575e-04,1.16206294e-03,7.03728059e-03,7.03728059e-03,7.03728059e-03
318,6.11413999e-04,1.24182951e-03,7.72672379e-03,7.72672379e-03,7.51140947e-03
319,6.33902867e-04,1.22872003e-03,8.37781094e-03,8.37781094e-03,8.32235720e-03
320,6.09171844e-04,1.17428463e-03,7.53188878e-03,7.53188878e-03,7.53188878e-03
321,6.01977724e-04,1.15823346e-03,1.22378832e-02,1.22378832e-02,1.09695615e-02
322,5.99481661e-04,1.13136232e-03,4.74984571e-03,4.74984571e-03,4.74984571e-03
323,5.78128698e-04,1.17871264e-03,6.51700189e-03,6.51700189e-03,6.51700189e-03
324,6.24029928e-04,1.19161439e-03,6.15008082e-03,6.15008082e-03,6.13284251e-03
325,5.83392657e-04,1.19551746e-03,4.85820416e-03,4.85820416e-03,4.85820416e-03
326,5.60688641e-04,1.27414635e-03,1.27293514e-02,1.27293514e-02,1.23445820e-02
327,5.65951426e-04,1.14930581e-03,6.61772955e-03,6.61772955e-03,6.61772955e-03
328,5.82190933e-04,1.16927602e-03,1.13247717e-02,1.13247717e-02,1.08974269e-02
329,5.51450260e-04,1.37632582e-03,1.21694757e-02,1.21694757e-02,1.19618457e-02
330,5.65491473e-04,1.16455346e-03,8.15224089e-03,8.15224089e-03,7.86426850e-03
331,5.66765094e-04,1.19733966e-03,7.01336423e-03,7.01336423e-03,6.72618439e-03
332,5.58687968e-04,1.13097351e-03,4.52220533e-03,4.52220533e-03,4.52220533e-03
333,5.15656513e-04,1.09228742e-03,4.66644811e-03,4.66644811e-03,4.66644811e-03
334,5.19013018e-04,1.13712606e-03,5.55745885e-03,5.55745885e-03,5.55745885e-03
335,4.95898202e-04,1.17655883e-03,6.49743062e-03,6.49743062e-03,6.49743062e-03
336,4.93891609e-04,1.07454217e-03,8.47516116e-03,8.47516116e-03,8.00220203e-03
337,4.84140178e-04,1.09595385e-03,4.10785573e-03,4.10785573e-03,4.10785573e-03
338,4.82236792e-04,1.09611930e-03,4.40310175e-03,4.40310175e-03,4.40310175e-03
339,4.75597901e-04,1.07102593e-03,7.96933752e-03,7.96933752e-03,7.66780972e-03
340,4.63879803e-04,1.11869471e-03,5.19388029e-03,5.19388029e-03,5.19388029e-03
341,4.63246792e-04,1.11674648e-03,3.72663653e-03,3.72663653e-03,3.72663653e-03
342,4.63292023e-04,1.06427905e-03,4.38349415e-03,4.38349415e-03,4.33569495e-03
343,4.57871142e-04,1.06541954e-03,7.18223536e-03,7.18223536e-03,6.91896537e-03
344,4.47544201e-04,1.07803474e-03,5.23218233e-03,5.23218233e-03,5.23218233e-03
345,4.47051423e-04,1.04928962e-03,4.51107975e-03,4.51107975e-03,4.51107975e-03
346,4.41431541e-04,1.07096145e-03,4.28508315e-03,4.28508315e-03,4.28508315e-03
347,4.40545364e-04,1.06257302e-03,5.16013661e-03,5.16013661e-03,5.16013661e-03
348,4.36101640e-04,1.06536572e-03,3.40085546e-03,3.40085546e-03,3.40085546e-03
349,4.31973132e-04,1.06889889e-03,4.38792538e-03,4.38792538e-03,4.38792538e-03
350,4.28762220e-04,1.05504283e-03,4.29832796e-03,4.29832796e-03,4.29832796e-03
351,4.26182324e-04,1.03497554e-03,3.17169284e-03,3.17169284e-03,3.17169284e-03
352,4.25912005e-04,1.03433494e-03,3.83170624e-03,3.83170624e-03,3.83170624e-03
353,4.22074942e-04,1.05307088e-03,3.66933900e-03,3.66933900e-03,3.66933900e-03
354,4.21551946e-04,1.04801788e-03,4.48847283e-03,4.48847283e-03,4.48847283e-03
355,4.17963546e-04,1.04526750e-03,3.98758333e-03,3.98758333e-03,3.98758333e-03
356,4.15827019e-04,1.03978435e-03,4.04430786e-03,4.04430786e-03,4.04430786e-03
357,4.15850456e-04,1.04860346e-03,4.94088465e-03,4.94088465e-03,4.94088465e-03
358,4.14636093e-04,1.03416985e-03,4.77504823e-03,4.77504823e-03,4.77504823e-03
359,4.13429433e-04,1.04683768e-03,4.00324957e-03,4.00324957e-03,4.00324957e-03
360,4.13471399e-04,1.04388669e-03,4.31066612e-03,4.31066612e-03,4.31066612e-03
