epoch,train_loss,val_loss,rollout_raw,rollout_plus_ag_pre_cap,rollout_capped
1,3.92348171e-02,2.20287902e-02,nan,nan,nan
2,2.48919726e-02,1.62268876e-02,nan,nan,nan
3,1.93039560e-02,1.20878654e-02,nan,nan,nan
4,1.61796911e-02,1.12116703e-02,nan,nan,nan
5,1.27679925e-02,8.69687928e-03,nan,nan,nan
6,1.13781500e-02,7.91149397e-03,nan,nan,nan
7,1.08031063e-02,7.37406222e-03,nan,nan,nan
8,9.16375117e-03,6.93625761e-03,nan,nan,nan
9,8.87837286e-03,6.64515660e-03,nan,nan,nan
10,8.15969581e-03,6.00140977e-03,nan,nan,nan
11,8.07537605e-03,5.86648736e-03,nan,nan,nan
12,7.65052724e-03,5.85839211e-03,nan,nan,nan
13,7.23966762e-03,5.63802907e-03,nan,nan,nan
14,7.74813973e-03,7.25523735e-03,nan,nan,nan
15,7.21424674e-03,5.21981058e-03,nan,nan,nan
16,6.67643550e-03,5.35270015e-03,nan,nan,nan
17,6.49761908e-03,5.01562251e-03,nan,nan,nan
18,6.12543947e-03,8.61961655e-03,nan,nan,nan
19,6.18004974e-03,5.48497350e-03,nan,nan,nan
20,5.81747021e-03,5.09588181e-03,nan,nan,nan
21,6.57545815e-03,5.16639409e-03,nan,nan,nan
22,5.87788729e-03,4.68774236e-03,nan,nan,nan
23,5.42112676e-03,4.44918050e-03,nan,nan,nan
24,5.83380404e-03,4.47409823e-03,nan,nan,nan
25,5.38946658e-03,4.86404063e-03,nan,nan,nan
26,5.10877347e-03,4.43013501e-03,nan,nan,nan
27,5.18291408e-03,5.71220993e-03,nan,nan,nan
28,5.45824130e-03,4.79330037e-03,nan,nan,nan
29,5.72256870e-03,4.07674662e-03,nan,nan,nan
30,4.70754536e-03,3.97526606e-03,nan,nan,nan
31,5.03616260e-03,4.02755331e-03,nan,nan,nan
32,4.73811865e-03,5.66561383e-03,nan,nan,nan
33,4.75271873e-03,3.80689233e-03,nan,nan,nan
34,4.74736059e-03,4.10337053e-03,nan,nan,nan
35,4.46294902e-03,5.32362524e-03,nan,nan,nan
36,4.52717980e-03,4.11730625e-03,nan,nan,nan
37,4.42023177e-03,4.63622418e-03,nan,nan,nan
38,4.52714290e-03,3.71473373e-03,nan,nan,nan
39,4.61218148e-03,3.66787588e-03,nan,nan,nan
40,4.01408801e-03,3.53213514e-03,nan,nan,nan
41,3.85641413e-03,3.69639201e-03,6.32142508e-03,6.59117196e-03,6.59117196e-03
42,3.79864170e-03,3.69260070e-03,4.66550142e-03,4.83346824e-03,4.83346824e-03
43,3.91977697e-03,4.78965280e-03,9.09203012e-03,9.82117932e-03,9.82117932e-03
44,4.05802221e-03,3.75642093e-03,7.44758174e-03,7.81393796e-03,7.77551252e-03
45,3.76868385e-03,3.58811621e-03,5.64511865e-03,5.91228250e-03,5.91228250e-03
46,4.09185546e-03,3.51785209e-03,6.70956960e-03,6.89323712e-03,6.89323712e-03
47,3.77599494e-03,3.41600455e-03,8.28363560e-03,8.38029571e-03,8.38029571e-03
48,3.94134196e-03,3.46585912e-03,1.10760806e-02,1.23432251e-02,1.14183025e-02
49,3.49436046e-03,4.12289284e-03,1.37621183e-02,1.67223401e-02,1.41165685e-02
50,3.55664733e-03,4.51077302e-03,1.18019646e-02,1.21002095e-02,1.18055288e-02
51,4.50996447e-03,3.54783961e-03,6.96383277e-03,7.34826317e-03,7.34826317e-03
52,3.54041815e-03,9.64351708e-03,4.66043502e-02,5.76654188e-02,2.45473944e-02
53,5.00933114e-03,3.67987498e-03,6.89076399e-03,7.74575863e-03,7.36396108e-03
54,3.53797724e-03,3.57506043e-03,1.08565036e-02,1.10065965e-02,1.10065965e-02
55,3.51337214e-03,3.67690192e-03,1.45166460e-02,1.59187336e-02,1.48829389e-02
56,3.55508069e-03,3.29817112e-03,6.65183738e-03,7.13653117e-03,7.13653117e-03
57,3.64189507e-03,3.18459866e-03,4.65708878e-03,4.68001515e-03,4.68001515e-03
58,3.09385866e-03,3.51778466e-03,1.25793163e-02,1.33725107e-02,1.30414469e-02
59,3.03013891e-03,3.41263655e-03,7.80033087e-03,8.13725311e-03,8.13725311e-03
60,3.05793876e-03,3.31260826e-03,6.17280696e-03,6.31111721e-03,6.31111721e-03
61,3.19944716e-03,3.27303675e-03,6.73926156e-03,6.93322346e-03,6.93322346e-03
62,3.00080654e-03,3.20699178e-03,3.79017973e-03,4.24436014e-03,4.24436014e-03
63,3.31553916e-03,4.88685261e-03,1.73772071e-02,1.79272536e-02,1.44136967e-02
64,3.28486048e-03,2.93681589e-03,4.86266147e-03,4.95287683e-03,4.95287683e-03
65,3.73867652e-03,3.57861068e-03,1.21892681e-02,1.34602366e-02,1.21261422e-02
66,3.59551758e-03,3.00575491e-03,4.32701781e-03,4.51542344e-03,4.51542344e-03
67,2.86839456e-03,2.93876646e-03,4.76752454e-03,4.92563192e-03,4.92563192e-03
68,2.73739852e-03,3.12227915e-03,5.75265568e-03,6.13355357e-03,6.13355357e-03
69,2.91401362e-03,3.05975648e-03,4.61199041e-03,4.86868294e-03,4.86868294e-03
70,2.74518070e-03,2.94545951e-03,4.19358676e-03,4.40815743e-03,4.40815743e-03
71,2.64359331e-03,3.29903343e-03,1.81416012e-02,1.82645805e-02,1.72548536e-02
72,3.03200915e-03,2.86479459e-03,5.88020682e-03,6.14517555e-03,6.14517555e-03
73,3.66835113e-03,3.02338231e-03,1.44365821e-02,1.60739832e-02,1.30485045e-02
74,2.85161841e-03,3.20704651e-03,4.77168802e-03,4.95401118e-03,4.95401118e-03
75,3.11381563e-03,3.86324787e-03,8.32119957e-03,1.09097408e-02,8.81275441e-03
76,2.92805073e-03,3.09639186e-03,5.74717112e-03,6.11352827e-03,5.95827214e-03
77,2.75500022e-03,2.95006490e-03,4.69390582e-03,4.83157672e-03,4.83157672e-03
78,2.46153214e-03,2.86421850e-03,8.69830512e-03,9.02058929e-03,9.02058929e-03
79,2.62027482e-03,2.78157947e-03,3.80885601e-03,3.95568041e-03,3.95568041e-03
80,2.94152460e-03,3.25509368e-03,2.01082155e-02,2.05233991e-02,1.98578574e-02
81,2.81616342e-03,4.28261817e-03,1.38669433e-02,1.47065148e-02,1.37700066e-02
82,3.13501813e-03,3.16181059e-03,9.44830570e-03,9.74190235e-03,9.53519065e-03
83,2.74450752e-03,4.35536260e-03,2.42321752e-02,2.49439925e-02,2.27799863e-02
84,2.98848435e-03,3.13946083e-03,6.18340541e-03,6.46630814e-03,6.46630814e-03
85,2.56903197e-03,3.10850955e-03,4.97148326e-03,5.25820581e-03,5.25820581e-03
86,2.88773288e-03,2.68619907e-03,1.15875788e-02,1.18526639e-02,1.12981591e-02
87,2.54570758e-03,3.32933790e-03,1.03245676e-02,1.08455699e-02,9.94734466e-03
88,2.51448344e-03,2.93033824e-03,1.22659821e-02,1.28019648e-02,1.24130640e-02
89,3.03068763e-03,2.66770106e-03,1.14770299e-02,1.33643718e-02,1.22510828e-02
90,2.39717158e-03,3.30374344e-03,1.28465295e-02,1.31308790e-02,1.27038034e-02
91,2.24508453e-03,3.06426662e-03,5.36776194e-03,5.56521583e-03,5.56521583e-03
92,2.32546403e-03,3.14102987e-03,4.55811666e-03,4.67653573e-03,4.67653573e-03
93,2.68515348e-03,3.32330961e-03,2.00515278e-02,2.05401797e-02,1.78291723e-02
94,2.91135843e-03,2.71275881e-03,1.00938305e-02,1.03993081e-02,1.02385823e-02
95,2.58497374e-03,3.21663903e-03,9.57346987e-03,1.00158257e-02,1.00158257e-02
96,2.51127927e-03,3.65218217e-03,1.45577956e-02,1.49203409e-02,1.45839285e-02
97,2.36925123e-03,3.17964374e-03,5.07667754e-03,5.31096850e-03,5.31096850e-03
98,2.87732290e-03,2.94431414e-03,6.67896774e-03,6.80755591e-03,6.80755591e-03
99,2.20187275e-03,2.56837938e-03,7.88116455e-03,8.04475043e-03,8.00806843e-03
100,2.19910905e-03,2.53168850e-03,4.96975379e-03,5.18165296e-03,5.18165296e-03
101,2.49888021e-03,2.68927297e-03,4.22607874e-03,4.41692071e-03,4.41692071e-03
102,2.09927298e-03,2.85013366e-03,6.44887146e-03,6.69010123e-03,6.69010123e-03
103,2.49210394e-03,2.97269008e-03,8.55627935e-03,8.92161671e-03,8.92161671e-03
104,2.27892267e-03,2.49974171e-03,6.75467681e-03,6.91086054e-03,6.91086054e-03
105,2.46578970e-03,2.43239555e-03,4.43226937e-03,4.59465059e-03,4.59465059e-03
106,2.00791455e-03,2.83732809e-03,6.30388688e-03,6.58427551e-03,6.58427551e-03
107,2.03204283e-03,2.37297291e-03,3.53342667e-03,3.67672415e-03,3.67672415e-03
108,2.24871230e-03,2.40411032e-03,5.39750606e-03,5.56347612e-03,5.55495732e-03
109,2.25912267e-03,2.42926230e-03,1.11319106e-02,1.18459836e-02,1.11404629e-02
110,2.49229434e-03,3.04775687e-03,1.33796809e-02,1.53297484e-02,1.37752742e-02
111,2.62758708e-03,2.60915610e-03,5.37333684e-03,6.26977626e-03,6.24867994e-03
112,2.42402314e-03,2.88012031e-03,5.16982237e-03,5.33536030e-03,5.33536030e-03
113,1.98492511e-03,2.43277041e-03,3.28797800e-03,3.41140036e-03,3.41140036e-03
114,2.08540292e-03,2.36918304e-03,5.53281326e-03,5.61182620e-03,5.61182620e-03
115,2.04868022e-03,2.50962483e-03,5.81824314e-03,6.20925706e-03,6.20925706e-03
116,2.31649705e-03,2.48706008e-03,5.46739530e-03,6.02198206e-03,6.02198206e-03
117,1.93108234e-03,2.70434197e-03,7.19324406e-03,7.50491628e-03,7.50491628e-03
118,2.11444879e-03,2.54095471e-03,1.04538444e-02,1.30253732e-02,1.24479141e-02
119,1.96403789e-03,2.42088086e-03,4.23511537e-03,4.45597246e-03,4.45597246e-03
120,2.25943593e-03,2.46710270e-03,5.35056461e-03,5.74948918e-03,5.74948918e-03
121,2.16181217e-03,2.50863921e-03,9.32681002e-03,9.54243727e-03,9.54243727e-03
122,2.02790970e-03,2.40711372e-03,8.02434515e-03,8.61700252e-03,8.58835317e-03
123,2.13320586e-03,2.23582947e-03,1.20251011e-02,1.23139415e-02,1.20379077e-02
124,2.57713807e-03,2.21139867e-03,1.00581339e-02,1.07972817e-02,1.04738213e-02
125,2.03828010e-03,2.30653078e-03,1.46463765e-02,1.50443343e-02,1.47709977e-02
126,1.93397700e-03,2.86015844e-03,8.01793393e-03,8.48005619e-03,8.48005619e-03
127,1.78588122e-03,2.30381055e-03,6.55515352e-03,6.83580060e-03,6.83580060e-03
128,2.26688347e-03,2.47208063e-03,4.47530672e-03,4.74001747e-03,4.74001747e-03
129,2.06402671e-03,2.38654657e-03,8.10735859e-03,8.50075670e-03,8.50075670e-03
130,1.96198788e-03,2.18306189e-03,4.69262665e-03,4.89644753e-03,4.89644753e-03
131,1.91196368e-03,2.43582196e-03,5.71516110e-03,6.02219906e-03,6.02219906e-03
132,2.21439631e-03,2.59675457e-03,9.93256830e-03,1.59633197e-02,1.50993224e-02
133,1.83498815e-03,2.47507187e-03,4.23347298e-03,4.42812312e-03,4.42812312e-03
134,2.08778785e-03,2.23731998e-03,8.02623015e-03,8.61224439e-03,8.49811453e-03
135,1.90481434e-03,2.56189689e-03,2.01759115e-02,2.26604789e-02,1.98985897e-02
136,1.99082242e-03,2.84397295e-03,5.10062277e-03,5.34444023e-03,5.34444023e-03
137,1.93879659e-03,2.32729026e-03,7.78880855e-03,8.85167718e-03,8.80912878e-03
138,1.69427634e-03,2.44200183e-03,6.30795816e-03,6.55609090e-03,6.55609090e-03
139,1.87946697e-03,2.70561364e-03,1.00914398e-02,1.08338147e-02,1.07911183e-02
140,1.75356111e-03,2.45542118e-03,9.80496407e-03,1.01776104e-02,1.01776104e-02
141,2.25882357e-03,3.58631320e-03,4.80036810e-02,5.28189242e-02,2.99630668e-02
142,2.18630365e-03,2.50521225e-03,5.28038014e-03,5.63843222e-03,5.63843222e-03
143,2.24320182e-03,2.32918506e-03,4.17697523e-03,4.57758596e-03,4.57758596e-03
144,1.88693199e-03,2.23254009e-03,3.16781551e-03,3.44259175e-03,3.44259175e-03
145,1.80419942e-03,2.29824800e-03,4.33933828e-03,4.64531966e-03,4.64531966e-03
146,1.66706560e-03,2.59596796e-03,1.06046461e-02,1.12120844e-02,1.06479144e-02
147,1.75547625e-03,2.26730671e-03,7.33178202e-03,7.59143103e-03,7.59143103e-03
148,1.83612719e-03,3.24928046e-03,1.18545592e-02,1.22989127e-02,1.17278984e-02
149,1.88109900e-03,2.15597458e-03,4.17950563e-03,4.57096472e-03,4.57096472e-03
150,2.11254895e-03,2.63316569e-03,7.11404998e-03,7.35773891e-03,7.35773891e-03
151,1.74165733e-03,2.77097663e-03,5.96899074e-03,6.46567810e-03,6.46567810e-03
152,1.73670315e-03,2.20312135e-03,4.17756615e-03,4.38363757e-03,4.38363757e-03
153,1.64046069e-03,2.25213381e-03,5.56940213e-03,5.66826342e-03,5.66826342e-03
154,1.59445922e-03,2.24005003e-03,6.13766909e-03,6.54591853e-03,6.54591853e-03
155,1.65138218e-03,2.31707058e-03,4.89051687e-03,5.20036183e-03,5.20036183e-03
156,1.76946020e-03,3.43191906e-03,7.54502136e-03,7.90754054e-03,7.90754054e-03
157,2.16517299e-03,2.52903942e-03,8.62474181e-03,9.78975743e-03,9.68425535e-03
158,1.79379531e-03,2.12942426e-03,6.72984868e-03,7.17360293e-03,7.17360293e-03
159,2.00096325e-03,2.17468868e-03,9.21161287e-03,9.46327578e-03,9.03349090e-03
160,1.58080549e-03,2.27809992e-03,1.50831621e-02,1.57514699e-02,1.54204862e-02
161,1.67267685e-03,2.18330711e-03,9.17495973e-03,1.09011251e-02,1.07303010e-02
162,1.67247984e-03,2.73676729e-03,1.19884526e-02,1.39050679e-02,1.34209665e-02
163,1.52740639e-03,2.12135076e-03,4.93040867e-03,5.11441007e-03,5.11441007e-03
164,1.65351029e-03,2.37934952e-03,1.86775848e-02,1.97206922e-02,1.82884745e-02
165,1.59382317e-03,2.49695758e-03,6.65953150e-03,7.81103689e-03,7.81103689e-03
166,1.71826406e-03,2.65294209e-03,1.33328931e-02,1.44790411e-02,1.40395630e-02
167,2.51797489e-03,2.27054265e-03,2.54214741e-02,2.72110403e-02,2.38384586e-02
168,2.37811072e-03,2.05856842e-03,7.07465271e-03,7.55624613e-03,7.47749303e-03
169,1.72650158e-03,2.71216057e-03,5.34703629e-03,6.08224422e-03,6.01870101e-03
170,1.59190338e-03,3.32017977e-03,1.21908216e-02,1.37279285e-02,1.35185104e-02
171,2.22472103e-03,1.97501828e-03,8.08739476e-03,8.32476746e-03,8.32476746e-03
172,1.54941243e-03,8.16441372e-03,6.15814105e-02,6.27196953e-02,2.90435012e-02
173,2.33237398e-03,1.97689860e-03,6.66775787e-03,7.77353346e-03,7.74107780e-03
174,1.51522531e-03,2.13216041e-03,4.34870087e-03,4.75694519e-03,4.75694519e-03
175,1.68882365e-03,2.13197399e-03,5.57449693e-03,5.93138998e-03,5.93138998e-03
176,1.53920507e-03,2.06344346e-03,5.07515250e-03,5.74401673e-03,5.74401673e-03
177,1.54764060e-03,2.13166126e-03,6.30944828e-03,7.35321408e-03,7.17148557e-03
178,1.60874341e-03,2.02923374e-03,1.26484679e-02,1.29215103e-02,1.23445569e-02
179,1.40825981e-03,3.84797506e-03,8.40951130e-03,8.95563699e-03,8.72965343e-03
180,1.99614992e-03,2.09161357e-03,3.76489339e-03,4.22867900e-03,4.22867900e-03
181,1.80434765e-03,2.33944515e-03,1.23361656e-02,1.34688541e-02,1.30575243e-02
182,1.56195354e-03,2.11792560e-03,4.75678965e-03,5.13963308e-03,5.13963308e-03
183,1.52077074e-03,2.33075691e-03,1.21807167e-02,1.25726955e-02,1.18213268e-02
184,1.90401113e-03,1.94399046e-03,4.05527838e-03,5.57554932e-03,5.57554932e-03
185,1.68395240e-03,1.99831025e-03,5.12463879e-03,5.58957690e-03,5.58957690e-03
186,1.43829785e-03,2.29184355e-03,8.72636773e-03,9.12764110e-03,9.09645483e-03
187,1.53776319e-03,2.43817524e-03,1.46086887e-02,1.53148873e-02,1.50408298e-02
188,1.61911165e-03,2.27394350e-03,8.83083697e-03,9.30515863e-03,9.27819870e-03
189,1.51232192e-03,2.25100261e-03,6.45522028e-03,7.08493125e-03,7.08493125e-03
190,1.57246733e-03,2.01931615e-03,1.02241309e-02,1.08972583e-02,1.08161177e-02
191,1.71812905e-03,2.05787049e-03,6.38193637e-03,6.73437258e-03,6.65962230e-03
192,1.35271173e-03,2.35125515e-03,1.12756938e-02,1.20672714e-02,1.20672714e-02
193,1.41049154e-03,2.22659850e-03,1.16869230e-02,1.22782979e-02,1.21574178e-02
194,2.04195093e-03,2.10193899e-03,5.93151757e-03,6.30789250e-03,6.30789250e-03
195,1.68077044e-03,2.10206993e-03,4.27993061e-03,6.37985533e-03,6.37985533e-03
196,1.63704171e-03,1.90513190e-03,4.38680081e-03,5.19262860e-03,5.19262860e-03
197,1.39398969e-03,1.95927960e-03,5.49481343e-03,5.94680803e-03,5.94680803e-03
198,1.51227972e-03,2.50540158e-03,6.58851210e-03,6.85948646e-03,6.85948646e-03
199,1.36076575e-03,2.05669644e-03,8.90939403e-03,1.01815425e-02,1.00786034e-02
200,1.70761962e-03,2.13642525e-03,5.95113728e-03,6.66895509e-03,6.66895509e-03
201,1.65974056e-03,2.03745764e-03,9.13442113e-03,9.64377634e-03,9.59165581e-03
202,1.51525930e-03,2.03434717e-03,6.61402661e-03,7.03607406e-03,6.81155408e-03
203,1.43560693e-03,1.89784034e-03,6.30919170e-03,7.42066791e-03,7.42066791e-03
204,1.31683819e-03,1.93426736e-03,6.79356977e-03,7.79345725e-03,7.79345725e-03
205,1.33928975e-03,3.10105475e-03,1.58844665e-02,1.65213309e-02,1.58298258e-02
206,2.32930543e-03,2.17255652e-03,1.36342049e-02,1.42095294e-02,1.40695516e-02
207,1.76643015e-03,5.09096536e-03,8.04915503e-02,1.30871087e-01,3.19280103e-02
208,1.97971600e-03,2.01461603e-03,6.17037620e-03,6.52911980e-03,6.52911980e-03
209,2.06359803e-03,1.87540397e-03,6.08989457e-03,6.92519639e-03,6.92519639e-03
210,1.55591628e-03,1.93618712e-03,5.31516969e-03,6.22132886e-03,6.22132886e-03
211,1.48329491e-03,1.81403472e-03,4.40068496e-03,4.96219145e-03,4.96219145e-03
212,1.30479643e-03,1.97042531e-03,9.59761068e-03,1.01209888e-02,1.01209888e-02
213,1.32499800e-03,1.97603195e-03,9.44163185e-03,1.41348168e-02,1.36722103e-02
214,1.28499294e-03,2.56152878e-03,1.60100050e-02,1.78748574e-02,1.62379332e-02
215,1.39665152e-03,2.00704306e-03,1.00189531e-02,1.04365367e-02,1.03654098e-02
216,1.30731357e-03,1.83392950e-03,6.32936787e-03,6.86800946e-03,6.86800946e-03
217,1.33922855e-03,1.84235416e-03,8.02733563e-03,8.35124590e-03,8.33851751e-03
218,1.63749765e-03,1.91318629e-03,8.72005150e-03,9.15741082e-03,9.15741082e-03
219,1.26786375e-03,1.88063483e-03,6.35384535e-03,6.79752696e-03,6.79752696e-03
220,1.69869872e-03,2.15235728e-03,1.89032517e-02,2.16453280e-02,1.96246095e-02
221,1.27420356e-03,2.11897876e-03,9.01860744e-03,9.86656826e-03,9.86656826e-03
222,1.41969264e-03,2.22256809e-03,1.15889218e-02,1.33133261e-02,1.31734312e-02
223,1.37995434e-03,3.73739209e-03,2.69529819e-02,2.85962969e-02,2.48042848e-02
224,2.80456084e-03,1.90828373e-03,5.72233461e-03,6.24241075e-03,6.24241075e-03
225,1.73327740e-03,2.75307489e-03,4.46361043e-02,4.76993099e-02,2.78229117e-02
226,1.36165083e-03,1.96648723e-03,9.57435928e-03,1.09295044e-02,1.09295044e-02
227,1.34105249e-03,1.92716864e-03,5.51258493e-03,6.00423431e-03,6.00423431e-03
228,1.22351900e-03,2.07152617e-03,1.08655589e-02,1.31582813e-02,1.25248525e-02
229,1.40713489e-03,1.73299117e-03,3.92245641e-03,5.29844081e-03,5.29844081e-03
230,1.26818691e-03,1.88554123e-03,7.40379095e-03,8.10839795e-03,8.10839795e-03
231,1.24674132e-03,2.23612221e-03,1.35662304e-02,1.82792488e-02,1.72067471e-02
232,1.32933221e-03,1.91173809e-03,5.12614194e-03,5.62565587e-03,5.23170410e-03
233,1.84896184e-03,2.43643536e-03,1.64194889e-02,1.87162757e-02,1.57587361e-02
234,1.51112001e-03,1.93031422e-03,7.40850950e-03,8.22648033e-03,8.22648033e-03
235,1.49083876e-03,1.76605965e-03,9.12692118e-03,9.53527912e-03,9.53527912e-03
236,1.28702171e-03,2.10910003e-03,1.22482292e-02,1.40976403e-02,1.36771724e-02
237,1.30593424e-03,1.95835067e-03,5.12118079e-03,7.20880553e-03,7.20880553e-03
238,1.21448298e-03,2.00844557e-03,7.18805799e-03,8.34576599e-03,8.34576599e-03
239,1.21949845e-03,2.46488274e-03,9.76513326e-03,1.09543707e-02,1.09543707e-02
240,1.30241014e-03,1.85895000e-03,7.42459390e-03,8.80477764e-03,8.68269242e-03
241,1.36909340e-03,2.14869871e-03,1.08655188e-02,1.16090160e-02,1.10496869e-02
242,1.56304524e-03,1.66535660e-03,7.76457181e-03,8.08807649e-03,8.02489184e-03
243,1.51544810e-03,2.09124896e-03,6.61565224e-03,7.29030510e-03,7.29030510e-03
244,1.20244820e-03,1.87323778e-03,8.55816342e-03,9.00469162e-03,8.76763742e-03
245,1.31515084e-03,1.88281556e-03,9.78011824e-03,1.06982682e-02,1.05404481e-02
246,1.19363236e-03,2.25983616e-03,1.32749034e-02,1.53288450e-02,1.46837682e-02
247,1.49954448e-03,1.81357428e-03,1.04259802e-02,1.07701598e-02,1.03592845e-02
248,1.51659263e-03,1.73824514e-03,8.48436821e-03,9.38585587e-03,8.98556039e-03
249,1.40286086e-03,2.02363118e-03,1.02835465e-02,1.06712785e-02,1.03797223e-02
250,1.29372756e-03,1.74378339e-03,5.68149053e-03,6.00015791e-03,6.00015791e-03
251,1.17035672e-03,1.92790497e-03,1.11754434e-02,1.23619130e-02,1.22930370e-02
252,1.28854215e-03,1.79883679e-03,5.93558280e-03,6.19131885e-03,6.19131885e-03
253,1.20725229e-03,2.55236091e-03,2.09741015e-02,2.24916153e-02,2.10887715e-02
254,1.44251071e-03,1.94673249e-03,7.39289308e-03,7.68937822e-03,7.55021488e-03
255,1.38894619e-03,2.02300315e-03,2.68269088e-02,2.81937066e-02,2.16346905e-02
256,1.39526543e-03,1.74191862e-03,6.77193189e-03,7.24067818e-03,7.20619550e-03
257,1.51793192e-03,1.96745473e-03,1.26620773e-02,1.31917614e-02,1.15174502e-02
258,1.22422391e-03,1.87043790e-03,9.18466784e-03,9.91492067e-03,9.81164351e-03
259,1.41275480e-03,1.78822205e-03,6.40712818e-03,7.43016088e-03,6.87301019e-03
260,1.21297127e-03,2.15453901e-03,1.20939929e-02,1.33581311e-02,1.32717909e-02
261,1.22802518e-03,1.81433723e-03,6.60331454e-03,7.53568765e-03,7.53568765e-03
262,1.26174718e-03,1.69662829e-03,8.54015164e-03,1.01790568e-02,1.00697745e-02
263,1.20036576e-03,1.62586186e-03,4.66476521e-03,5.06304530e-03,5.06304530e-03
264,1.40740140e-03,1.99134262e-03,8.96433834e-03,9.60832182e-03,9.60832182e-03
265,1.21966808e-03,1.69947209e-03,7.49970833e-03,8.23146291e-03,8.04826804e-03
266,1.29197905e-03,1.99851637e-03,1.01934122e-02,1.15857478e-02,1.09900627e-02
267,1.25274661e-03,1.71069431e-03,8.42198730e-03,8.82951636e-03,8.62034690e-03
268,1.31044930e-03,1.76694843e-03,5.70970541e-03,7.96181988e-03,7.96181988e-03
269,1.14183498e-03,1.73419471e-03,6.28982624e-03,6.45774137e-03,6.39011571e-03
270,1.22402366e-03,2.16763420e-03,1.28581133e-02,1.47380428e-02,1.42870890e-02
271,1.26248805e-03,1.76027586e-03,7.74505222e-03,9.45162214e-03,9.42947529e-03
272,1.21251203e-03,2.44180892e-03,1.81191638e-02,1.96998511e-02,1.87072214e-02
273,1.17258019e-03,1.89964522e-03,1.40932230e-02,1.44383460e-02,1.35037499e-02
274,1.22308620e-03,1.75301976e-03,7.89780170e-03,8.79724696e-03,8.58201459e-03
275,1.13464135e-03,1.86247344e-03,1.00330329e-02,1.27092060e-02,1.17403399e-02
276,1.19611561e-03,2.18392888e-03,9.34622623e-03,9.83613171e-03,9.66164470e-03
277,1.31941689e-03,2.14156670e-03,1.59702469e-02,1.66432578e-02,1.54735846e-02
278,1.29058837e-03,1.88342474e-03,7.97962770e-03,8.88120476e-03,8.80051497e-03
279,1.36261525e-03,1.73915448e-03,1.06656663e-02,1.10745355e-02,1.09709455e-02
280,1.22325173e-03,2.54583228e-03,2.22098529e-02,2.30941139e-02,2.02751644e-02
281,1.90321868e-03,1.65019685e-03,5.00478689e-03,5.38587850e-03,5.38587850e-03
282,1.22305503e-03,2.27620694e-03,1.78246163e-02,1.90824382e-02,1.74050033e-02
283,1.20092268e-03,1.79561931e-03,1.13692889e-02,1.19461743e-02,1.17583126e-02
284,1.11945831e-03,1.68526916e-03,5.03777107e-03,5.73159382e-03,5.73159382e-03
285,1.10958217e-03,1.97109128e-03,1.18252384e-02,1.28752273e-02,1.13019878e-02
286,1.39470273e-03,1.86795512e-03,9.06794984e-03,9.42481775e-03,9.36611183e-03
287,1.35241617e-03,1.88236885e-03,1.91279016e-02,2.02602409e-02,1.61452144e-02
288,1.15192211e-03,1.87607581e-03,1.28355296e-02,1.32684764e-02,1.23167550e-02
289,1.17893108e-03,1.86697467e-03,6.87918672e-03,7.18791177e-03,7.12922355e-03
290,1.17773381e-03,1.78580726e-03,1.22635905e-02,1.33168194e-02,1.26406252e-02
291,1.50243437e-03,2.00530927e-03,1.05762742e-02,1.17075127e-02,1.09246336e-02
292,1.32526941e-03,1.78053473e-03,7.01251626e-03,7.56554212e-03,7.47762015e-03
293,1.36408052e-03,1.66599512e-03,5.61022898e-03,6.08756999e-03,6.08756999e-03
294,1.06266237e-03,1.65695335e-03,5.63638238e-03,5.91945648e-03,5.90378651e-03
295,1.26375480e-03,1.68930995e-03,5.31036872e-03,6.07819762e-03,5.75714139e-03
296,9.88690283e-04,2.99981360e-03,1.15595702e-02,1.41885635e-02,1.41759636e-02
297,1.43443173e-03,1.65830986e-03,5.54190902e-03,5.91954915e-03,5.71564911e-03
298,1.21421306e-03,1.83162997e-03,1.34113785e-02,1.42323617e-02,1.26771601e-02
299,1.19734941e-03,1.72851862e-03,8.09109770e-03,8.49096663e-03,8.36434774e-03
300,1.06023167e-03,1.82296346e-03,7.71959638e-03,8.31439625e-03,8.25554039e-03
301,1.27133138e-03,2.04261873e-03,1.00233974e-02,1.00233974e-02,9.10621416e-03
302,1.29028492e-03,1.74489550e-03,9.29342397e-03,9.29342397e-03,8.65273736e-03
303,1.40142603e-03,1.59138159e-03,4.50446876e-03,4.50446876e-03,4.50446876e-03
304,1.24283637e-03,1.62420187e-03,4.88620158e-03,4.88620158e-03,4.88620158e-03
305,1.20801916e-03,1.76840768e-03,8.99844803e-03,8.99844803e-03,8.99844803e-03
306,1.17543441e-03,1.81410200e-03,7.51005625e-03,7.51005625e-03,7.51005625e-03
307,1.15004591e-03,1.68798051e-03,4.76429379e-03,4.76429379e-03,4.76429379e-03
308,1.03227403e-03,1.75287997e-03,1.45073105e-02,1.45073105e-02,1.38745951e-02
309,1.09888917e-03,1.64786271e-03,6.30954746e-03,6.30954746e-03,6.30732113e-03
310,1.21866739e-03,1.49912826e-03,3.94999143e-03,3.94999143e-03,3.90357780e-03
311,1.16895744e-03,1.80702363e-03,5.98293217e-03,5.98293217e-03,5.98293217e-03
312,1.10307959e-03,1.63176269e-03,8.14371277e-03,8.14371277e-03,8.10757745e-03
313,1.02886924e-03,1.66106856e-03,6.60345471e-03,6.60345471e-03,6.38119876e-03
314,9.73681675e-04,1.65664325e-03,8.48158635e-03,8.48158635e-03,8.48158635e-03
315,1.00730135e-03,1.52102756e-03,7.17944046e-03,7.17944046e-03,7.17789074e-03
316,9.90914513e-04,1.69893409e-03,6.83660526e-03,6.83660526e-03,6.83660526e-03
317,9.98828784e-04,1.86145938e-03,8.92799348e-03,8.92799348e-03,8.84787645e-03
318,1.08443262e-03,1.60800609e-03,8.60826205e-03,8.60826205e-03,7.88191706e-03
319,1.13120474e-03,2.02629541e-03,1.74830724e-02,1.74830724e-02,1.63150486e-02
320,1.09944166e-03,1.55454124e-03,4.34472505e-03,4.34472505e-03,4.34472505e-03
321,1.06269209e-03,1.66512956e-03,9.80795454e-03,9.80795454e-03,9.67811979e-03
322,9.83246797e-04,1.79234243e-03,9.79504362e-03,9.79504362e-03,9.64053907e-03
323,9.99954912e-04,1.50230180e-03,3.76409292e-03,3.76409292e-03,3.76409292e-03
324,8.88343822e-04,1.63603670e-03,5.70292585e-03,5.70292585e-03,5.70292585e-03
325,8.97705563e-04,1.55802606e-03,5.49047301e-03,5.49047301e-03,5.31659927e-03
326,8.85570137e-04,1.52392851e-03,3.86228552e-03,3.86228552e-03,3.85596533e-03
327,8.79413556e-04,1.59781833e-03,4.54137195e-03,4.54137195e-03,3.96706909e-03
328,8.72547357e-04,1.58956548e-03,3.89560987e-03,3.89560987e-03,3.89560987e-03
329,8.65242618e-04,1.59432882e-03,5.16276341e-03,5.16276341e-03,5.16276341e-03
330,8.84139049e-04,1.41262664e-03,4.03555157e-03,4.03555157e-03,4.03555157e-03
331,8.93478121e-04,1.60254419e-03,3.33167124e-03,3.33167124e-03,3.33167124e-03
332,8.59877396e-04,1.50027490e-03,7.41237402e-03,7.41237402e-03,7.39410147e-03
333,8.39471185e-04,1.49297780e-03,4.37902380e-03,4.37902380e-03,4.37823543e-03
334,8.29867751e-04,1.51397588e-03,5.34781720e-03,5.34781720e-03,5.34781720e-03
335,8.17193019e-04,1.53103749e-03,2.90417974e-03,2.90417974e-03,2.90417974e-03
336,8.14045492e-04,1.49111734e-03,3.50469118e-03,3.50469118e-03,3.50469118e-03
337,7.92499524e-04,1.41921319e-03,2.95915455e-03,2.95915455e-03,2.95915455e-03
338,7.98655575e-04,1.43640125e-03,3.15240328e-03,3.15240328e-03,3.15240328e-03
339,7.99229061e-04,1.45914285e-03,4.45727352e-03,4.45727352e-03,4.27455455e-03
340,8.04643289e-04,1.43425780e-03,2.36229273e-03,2.36229273e-03,2.36229273e-03
341,7.74587962e-04,1.42414537e-03,2.34284531e-03,2.34284531e-03,2.34284531e-03
342,7.77811113e-04,1.39542215e-03,6.17731828e-03,6.17731828e-03,6.17080834e-03
343,7.66958570e-04,1.41417727e-03,2.99226842e-03,2.99226842e-03,2.94653839e-03
344,7.52794270e-04,1.42022949e-03,3.24036926e-03,3.24036926e-03,3.24036926e-03
345,7.47467161e-04,1.39932030e-03,2.28717504e-03,2.28717504e-03,2.28717504e-03
346,7.42346697e-04,1.38679071e-03,3.59840319e-03,3.59840319e-03,3.59840319e-03
347,7.36982959e-04,1.36941349e-03,4.79062367e-03,4.79062367e-03,4.79062367e-03
348,7.35671124e-04,1.38641681e-03,2.74750218e-03,2.74750218e-03,2.74750218e-03
349,7.30265430e-04,1.37594287e-03,2.45232740e-03,2.45232740e-03,2.45232740e-03
350,7.23363357e-04,1.37725721e-03,2.61027459e-03,2.61027459e-03,2.61027459e-03
351,7.18487447e-04,1.38182610e-03,2.07719812e-03,2.07719812e-03,2.07719812e-03
352,7.17282355e-04,1.41108821e-03,2.42972025e-03,2.42972025e-03,2.42972025e-03
353,7.16050158e-04,1.38458568e-03,1.81831303e-03,1.81831303e-03,1.81831303e-03
354,7.09587998e-04,1.38375504e-03,2.64583109e-03,2.64583109e-03,2.64583109e-03
355,7.09405829e-04,1.38603325e-03,2.61384109e-03,2.61384109e-03,2.61384109e-03
356,7.08967103e-04,1.38248937e-03,2.73306901e-03,2.73306901e-03,2.73306901e-03
357,7.05171208e-04,1.38647207e-03,2.45300983e-03,2.45300983e-03,2.45300983e-03
358,7.04166866e-04,1.38544082e-03,2.25826120e-03,2.25826120e-03,2.25826120e-03
359,7.02111397e-04,1.36937310e-03,2.02453462e-03,2.02453462e-03,2.02453462e-03
360,7.02304193e-04,1.36650641e-03,2.52148020e-03,2.52148020e-03,2.52148020e-03
