epoch,train_loss,val_loss,rollout_raw,rollout_plus_ag_pre_cap,rollout_capped
1,3.75707240e-02,2.03944095e-02,nan,nan,nan
2,2.40070243e-02,1.52112338e-02,nan,nan,nan
3,1.90314985e-02,1.13496742e-02,nan,nan,nan
4,1.46317342e-02,9.42918875e-03,nan,nan,nan
5,1.19592867e-02,8.02827947e-03,nan,nan,nan
6,1.05359797e-02,7.53609047e-03,nan,nan,nan
7,9.92026631e-03,6.90710220e-03,nan,nan,nan
8,9.06681555e-03,6.80517307e-03,nan,nan,nan
9,8.15894559e-03,1.08909753e-02,nan,nan,nan
10,8.20144901e-03,5.87250075e-03,nan,nan,nan
11,8.20927463e-03,6.24833189e-03,nan,nan,nan
12,7.35036711e-03,5.58276066e-03,nan,nan,nan
13,7.16721724e-03,7.30621713e-03,nan,nan,nan
14,7.02854707e-03,5.26265964e-03,nan,nan,nan
15,6.97797621e-03,5.24408779e-03,nan,nan,nan
16,6.63139726e-03,8.05560087e-03,nan,nan,nan
17,6.45053575e-03,5.03224843e-03,nan,nan,nan
18,6.41554604e-03,5.44126483e-03,nan,nan,nan
19,5.85301035e-03,4.98743168e-03,nan,nan,nan
20,5.71124564e-03,4.66926747e-03,nan,nan,nan
21,6.15449009e-03,5.67633728e-03,nan,nan,nan
22,5.62319503e-03,4.40189552e-03,nan,nan,nan
23,5.21921478e-03,6.81792184e-03,nan,nan,nan
24,5.30958279e-03,4.26129940e-03,nan,nan,nan
25,5.90958263e-03,4.00643281e-03,nan,nan,nan
26,5.08450701e-03,4.60621403e-03,nan,nan,nan
27,5.16011818e-03,4.01024717e-03,nan,nan,nan
28,4.92388465e-03,3.88386827e-03,nan,nan,nan
29,4.81203137e-03,4.66891370e-03,nan,nan,nan
30,4.88634281e-03,4.33005479e-03,nan,nan,nan
31,4.53886181e-03,3.68917621e-03,nan,nan,nan
32,4.32440327e-03,3.71903018e-03,nan,nan,nan
33,4.62024869e-03,3.72259871e-03,nan,nan,nan
34,4.25041155e-03,3.68073216e-03,nan,nan,nan
35,4.31256651e-03,3.60627070e-03,nan,nan,nan
36,3.95731288e-03,3.51917871e-03,nan,nan,nan
37,4.01406703e-03,5.72684363e-03,nan,nan,nan
38,4.45271658e-03,3.60733607e-03,nan,nan,nan
39,4.80657748e-03,4.10989737e-03,nan,nan,nan
40,4.63368776e-03,4.08407104e-03,nan,nan,nan
41,4.11033217e-03,3.97107953e-03,1.44624067e-02,1.96365286e-02,1.24578010e-02
42,3.63829155e-03,3.84678045e-03,1.31915975e-02,3.90928276e-02,1.02157788e-02
43,3.80955197e-03,4.12339633e-03,8.89627822e-03,9.50178318e-03,9.44974087e-03
44,3.67003754e-03,3.43427800e-03,6.95801666e-03,7.56741548e-03,7.43656885e-03
45,3.78055493e-03,3.51787331e-03,7.91566353e-03,8.13249499e-03,8.13249499e-03
46,3.56929627e-03,3.70597791e-03,8.97240546e-03,1.03759076e-02,9.46816057e-03
47,3.45477930e-03,3.28670258e-03,6.14151405e-03,6.75660279e-03,6.64827134e-03
48,3.38771346e-03,3.90648880e-03,7.53943529e-03,8.81005730e-03,8.44798516e-03
49,3.40704784e-03,3.83040157e-03,1.40448939e-02,1.48207750e-02,1.37093067e-02
50,4.69953672e-03,3.73718127e-03,1.23855611e-02,1.26168635e-02,1.19841499e-02
51,3.24923939e-03,3.48813434e-03,4.90545388e-03,4.99136979e-03,4.99136979e-03
52,3.51892374e-03,3.78557230e-03,1.49635728e-02,1.56577118e-02,1.46008627e-02
53,4.73836910e-03,4.17336026e-03,2.71843374e-02,2.92090140e-02,2.08190214e-02
54,3.71672996e-03,3.39255822e-03,4.68740566e-03,5.12536429e-03,5.03214635e-03
55,3.13245245e-03,3.83807232e-03,5.81398001e-03,6.24696910e-03,6.24696910e-03
56,3.49098845e-03,3.92614329e-03,1.00631500e-02,1.11271963e-02,1.05514340e-02
57,3.26733284e-03,3.17044112e-03,5.57691883e-03,5.95956203e-03,5.95956203e-03
58,3.06972069e-03,3.45510626e-03,1.26088168e-02,1.36422943e-02,1.35402428e-02
59,3.31543969e-03,3.14330480e-03,5.04171290e-03,5.26391249e-03,5.26391249e-03
60,3.03298458e-03,3.15320059e-03,5.64620411e-03,5.76998712e-03,5.76998712e-03
61,3.05257138e-03,3.09886850e-03,4.87726461e-03,5.01363119e-03,5.01363119e-03
62,2.97856059e-03,3.20688146e-03,4.88483813e-03,5.26981149e-03,5.26981149e-03
63,3.55510400e-03,3.39025974e-03,1.00047383e-02,1.02660414e-02,1.01591470e-02
64,2.92762546e-03,2.93082858e-03,8.36079102e-03,8.61958042e-03,8.61958042e-03
65,3.07828088e-03,2.85764303e-03,6.72568148e-03,6.86449185e-03,6.86449185e-03
66,2.63564354e-03,6.06001084e-03,3.40927429e-02,3.96429263e-02,2.32696868e-02
67,3.59946326e-03,2.87657751e-03,4.48305625e-03,5.02240378e-03,4.54931799e-03
68,3.29207294e-03,2.99381129e-03,5.06181922e-03,5.15047228e-03,5.15047228e-03
69,3.03283224e-03,3.05614218e-03,1.95917152e-02,2.06734352e-02,2.01247297e-02
70,3.02855368e-03,2.96828657e-03,4.35344875e-03,4.57313936e-03,4.57313936e-03
71,2.74381462e-03,3.11385820e-03,7.21100112e-03,7.72557408e-03,7.02553848e-03
72,2.94054465e-03,3.59188028e-03,9.43085831e-03,1.02590956e-02,1.02284467e-02
73,2.83282551e-03,3.13135009e-03,6.38886821e-03,6.75827498e-03,6.75827498e-03
74,2.72799961e-03,3.07090787e-03,3.71040916e-03,3.82968294e-03,3.82968294e-03
75,2.59473549e-03,3.00633259e-03,8.33257381e-03,8.53387453e-03,8.53387453e-03
76,2.73622298e-03,3.15233510e-03,3.82583099e-03,3.89680127e-03,3.89680127e-03
77,2.52400389e-03,3.03764255e-03,4.00542002e-03,4.09656065e-03,4.09656065e-03
78,2.78103299e-03,2.85800495e-03,5.02081681e-03,5.12311142e-03,5.12311142e-03
79,2.58972942e-03,2.72886541e-03,4.40382073e-03,4.68601286e-03,4.01979499e-03
80,3.38424194e-03,3.81047782e-03,7.98039697e-03,8.84539727e-03,7.75975734e-03
81,2.82371643e-03,3.43886706e-03,1.36321262e-02,1.42718675e-02,1.36453835e-02
82,3.02880029e-03,2.93407836e-03,7.19853491e-03,7.47686625e-03,7.47686625e-03
83,2.44899873e-03,2.80487786e-03,6.33116951e-03,6.43690070e-03,6.42685313e-03
84,2.37044836e-03,2.56700118e-03,4.21220716e-03,4.51735966e-03,4.51735966e-03
85,2.48611813e-03,3.19471645e-03,5.30503597e-03,5.43675711e-03,5.43675711e-03
86,2.66464820e-03,3.15021084e-03,7.33064860e-03,7.66945397e-03,7.66945397e-03
87,2.65355427e-03,2.95326437e-03,5.91890048e-03,6.13816921e-03,6.11055316e-03
88,2.53546478e-03,2.74986909e-03,5.64906234e-03,5.84253343e-03,5.84253343e-03
89,2.39654306e-03,2.52542197e-03,5.43490378e-03,5.75078698e-03,5.75078698e-03
90,2.25190287e-03,2.78810549e-03,5.29422425e-03,5.55370981e-03,5.55370981e-03
91,2.41818827e-03,2.89522607e-03,5.66203985e-03,5.78436628e-03,5.78436628e-03
92,2.21005081e-03,2.56731409e-03,3.74812074e-03,3.86005268e-03,3.86005268e-03
93,2.50168695e-03,2.90003292e-03,7.08640600e-03,7.32811540e-03,7.32811540e-03
94,2.31885679e-03,3.56949965e-03,7.91275315e-03,8.08940548e-03,8.04397650e-03
95,2.80393296e-03,2.85375075e-03,5.85506251e-03,6.40689442e-03,6.40689442e-03
96,2.61107198e-03,2.71683491e-03,4.59174998e-03,4.69788956e-03,4.69788956e-03
97,2.97231847e-03,2.55140628e-03,5.48415910e-03,5.72589040e-03,5.72589040e-03
98,2.40925194e-03,2.60613598e-03,3.73909739e-03,3.83628858e-03,3.83628858e-03
99,3.09006516e-03,2.46577089e-03,6.39998401e-03,6.56478573e-03,6.56478573e-03
100,2.23975325e-03,2.57124961e-03,7.86885060e-03,8.60137772e-03,8.60137772e-03
101,2.49755529e-03,3.04716426e-03,6.56447792e-03,6.66721305e-03,6.66721305e-03
102,2.49510060e-03,2.59048739e-03,8.34870432e-03,9.38036665e-03,9.08900332e-03
103,2.26321698e-03,2.89446613e-03,1.43350884e-02,1.59898959e-02,1.39140813e-02
104,2.60198784e-03,2.40652187e-03,3.56829981e-03,3.66439414e-03,3.66439414e-03
105,2.72551555e-03,6.51426267e-03,4.48058024e-02,4.70604450e-02,3.00890617e-02
106,2.84926784e-03,2.69432601e-03,5.51270973e-03,5.59902843e-03,5.59902843e-03
107,2.17315989e-03,2.61825604e-03,5.65781677e-03,5.91423968e-03,5.91423968e-03
108,2.02593254e-03,2.86123359e-03,7.20527489e-03,7.52879679e-03,7.52879679e-03
109,2.00445801e-03,2.34420289e-03,3.83058051e-03,4.03156970e-03,4.03156970e-03
110,2.08482042e-03,2.58572885e-03,4.40371875e-03,4.54700273e-03,4.54700273e-03
111,2.08027092e-03,2.50269531e-03,1.44988326e-02,1.47731844e-02,1.36831049e-02
112,1.99004595e-03,2.67360481e-03,7.04753539e-03,7.12938001e-03,7.12938001e-03
113,1.89051806e-03,2.56813303e-03,5.72598074e-03,5.92284556e-03,5.92284556e-03
114,2.36926269e-03,2.70822979e-03,3.31974076e-03,3.45356157e-03,3.45356157e-03
115,3.01864904e-03,2.37543939e-03,3.61582870e-03,3.87196918e-03,3.87196918e-03
116,2.01159793e-03,2.59288400e-03,5.32425102e-03,5.87397302e-03,5.79324085e-03
117,1.87215624e-03,2.49589449e-03,4.12690081e-03,4.19578562e-03,4.19578562e-03
118,1.94141861e-03,2.43604324e-03,4.99191973e-03,5.22533525e-03,5.22533525e-03
119,2.27395064e-03,2.45260192e-03,4.18456737e-03,4.31559002e-03,4.31559002e-03
120,2.44390141e-03,2.69259253e-03,9.37820971e-03,9.60108079e-03,9.55967419e-03
121,2.00321977e-03,2.56495095e-03,7.69979740e-03,8.05896986e-03,7.97879882e-03
122,1.94246054e-03,2.37300223e-03,8.30156356e-03,8.53274111e-03,8.52698367e-03
123,1.83598258e-03,2.33376304e-03,7.06089288e-03,7.27681071e-03,7.21954694e-03
124,1.82463366e-03,2.37780828e-03,7.53923412e-03,7.87164830e-03,7.84960948e-03
125,1.83840933e-03,2.13970788e-03,8.65086261e-03,9.22303833e-03,9.16655269e-03
126,1.97222515e-03,2.47945092e-03,1.38061391e-02,1.46727767e-02,1.37254102e-02
127,2.08925783e-03,2.47331682e-03,6.15505967e-03,6.49271533e-03,6.46862155e-03
128,2.46815460e-03,2.41510160e-03,9.03937034e-03,1.05169900e-02,1.04809320e-02
129,1.80719687e-03,2.35141368e-03,4.76775737e-03,4.95003676e-03,4.92864940e-03
130,2.03560970e-03,2.54513546e-03,4.68294974e-03,4.98263584e-03,4.98263584e-03
131,1.72115611e-03,2.46001637e-03,6.55796984e-03,7.25344662e-03,7.25344662e-03
132,1.87054896e-03,4.45181669e-03,9.98729747e-03,1.12654725e-02,1.11687947e-02
133,2.43815665e-03,2.63954773e-03,6.59007113e-03,6.99370634e-03,6.32003974e-03
134,1.88247046e-03,2.54745592e-03,9.18790884e-03,9.62765515e-03,9.42690205e-03
135,2.01781251e-03,2.17828240e-03,5.26974071e-03,5.53839421e-03,5.53839421e-03
136,1.91273735e-03,3.41586116e-03,2.57692989e-02,2.71113124e-02,2.27234475e-02
137,1.89634004e-03,2.29814694e-03,6.95738941e-03,7.25881476e-03,7.23779295e-03
138,2.38526663e-03,2.65562167e-03,1.38172079e-02,1.44340564e-02,1.41218472e-02
139,1.92201052e-03,2.62704596e-03,9.54076275e-03,9.99329612e-03,9.73514002e-03
140,1.99515535e-03,2.23285985e-03,9.47837438e-03,9.72704776e-03,9.62884538e-03
141,1.88381271e-03,2.15833476e-03,4.52504354e-03,4.82600275e-03,4.79719602e-03
142,1.64604395e-03,1.94181925e-03,4.47017793e-03,4.74907551e-03,4.74907551e-03
143,2.20093149e-03,2.91496267e-03,1.11286864e-02,1.16578238e-02,1.15788653e-02
144,2.32680265e-03,2.13816539e-03,5.07532340e-03,6.49227947e-03,6.49227947e-03
145,3.32571677e-03,2.71790492e-03,6.76064333e-03,8.43645260e-03,8.18014797e-03
146,1.77830785e-03,2.25660393e-03,5.70805743e-03,6.32161787e-03,6.29142206e-03
147,1.71710083e-03,2.14383656e-03,5.61285112e-03,5.90689946e-03,5.90689946e-03
148,1.69150097e-03,2.14591775e-03,6.51766267e-03,6.74928352e-03,6.74928352e-03
149,1.61121266e-03,2.10932958e-03,4.41014860e-03,4.69663646e-03,4.69663646e-03
150,1.52532753e-03,2.34136264e-03,6.67549204e-03,7.10665667e-03,6.96449960e-03
151,1.63688547e-03,2.18466854e-03,1.24546178e-02,1.31859975e-02,1.27444668e-02
152,1.64132355e-03,2.20884375e-03,7.92600308e-03,8.13419931e-03,8.13419931e-03
153,1.88243764e-03,2.82317038e-03,1.72582678e-02,1.81505885e-02,1.74925271e-02
154,1.88077220e-03,2.20090373e-03,5.10588940e-03,5.34120342e-03,5.34120342e-03
155,2.29126873e-03,2.14434823e-03,6.60351524e-03,6.92444760e-03,6.92444760e-03
156,1.75549453e-03,1.89112688e-03,2.97426758e-03,3.24851507e-03,3.24851507e-03
157,1.67654848e-03,2.04041110e-03,7.88034685e-03,8.21705163e-03,8.19751527e-03
158,1.56968148e-03,2.12873624e-03,4.76342998e-03,5.08957822e-03,5.08957822e-03
159,1.70515443e-03,2.13017858e-03,6.09437330e-03,6.80397591e-03,6.80397591e-03
160,1.58819585e-03,2.46407779e-03,8.43980256e-03,8.91525671e-03,8.73145647e-03
161,1.63590791e-03,1.98011926e-03,7.71768019e-03,8.41536094e-03,8.28607939e-03
162,1.71229651e-03,2.12402399e-03,1.47197451e-02,1.65178832e-02,1.53773678e-02
163,1.62426687e-03,2.01046261e-03,8.39616451e-03,9.11853649e-03,9.11853649e-03
164,1.68916843e-03,3.41374133e-03,2.97676716e-02,3.38377953e-02,1.98534690e-02
165,2.44629635e-03,2.78859370e-03,1.60023235e-02,1.65956616e-02,1.40194651e-02
166,2.02209106e-03,2.06124623e-03,8.01200606e-03,9.34842695e-03,9.31756757e-03
167,1.46369918e-03,2.20398381e-03,1.05436798e-02,1.14400797e-02,1.09266862e-02
168,1.53425778e-03,2.06907027e-03,9.90540255e-03,1.06236087e-02,1.03123654e-02
169,1.45740994e-03,2.07282410e-03,9.67492349e-03,1.04527399e-02,9.91741195e-03
170,1.42337756e-03,2.01622024e-03,1.14560854e-02,1.23171275e-02,1.07781170e-02
171,1.57636018e-03,1.95791419e-03,9.71943047e-03,1.03769358e-02,9.57468152e-03
172,1.43917939e-03,1.86212227e-03,1.12737371e-02,1.23565625e-02,1.14547303e-02
173,1.44550505e-03,2.41855439e-03,2.32839193e-02,2.74197571e-02,2.25768480e-02
174,1.81207773e-03,1.85834736e-03,5.58375474e-03,6.37020310e-03,6.03430532e-03
175,2.36782719e-03,2.07851214e-03,1.03005711e-02,1.09679382e-02,1.05285393e-02
176,1.56000327e-03,2.41101739e-03,1.21216075e-02,1.33192148e-02,1.17755253e-02
177,1.74741046e-03,2.11224009e-03,1.26356166e-02,2.00923607e-02,1.76228806e-02
178,1.39477597e-03,2.08195305e-03,1.08194500e-02,1.20173730e-02,1.18655441e-02
179,1.53406013e-03,2.38016033e-03,1.10784071e-02,1.14542469e-02,1.09157683e-02
180,1.48917450e-03,1.87911824e-03,6.87976554e-03,8.00662395e-03,7.37744430e-03
181,1.42997651e-03,2.03880860e-03,1.04443450e-02,1.13102701e-02,9.75668151e-03
182,1.38000140e-03,1.88956924e-03,1.13623384e-02,1.25415027e-02,1.19745675e-02
183,1.30243638e-03,1.93933889e-03,1.29783154e-02,1.34028420e-02,1.27019119e-02
184,1.36412192e-03,2.00209874e-03,1.03460755e-02,1.09108165e-02,9.95452236e-03
185,1.39330234e-03,1.85938640e-03,9.04112402e-03,1.06233750e-02,1.05747124e-02
186,1.36133703e-03,1.78632818e-03,9.27758031e-03,9.93448962e-03,8.95335339e-03
187,1.34226886e-03,2.15821570e-03,8.92657414e-03,9.28797759e-03,9.19861626e-03
188,1.53451311e-03,4.15801333e-03,6.19790554e-02,6.66700229e-02,3.20461728e-02
189,2.42496003e-03,2.16365466e-03,9.76913981e-03,1.23616625e-02,1.09644113e-02
190,2.12014272e-03,2.00517344e-03,1.38183581e-02,1.57278441e-02,1.42847970e-02
191,1.37541011e-03,1.76168029e-03,7.22881313e-03,7.76704401e-03,7.51794595e-03
192,1.31368230e-03,1.94673068e-03,6.99908286e-03,7.40072038e-03,7.24933948e-03
193,1.27647863e-03,1.80499567e-03,7.59339333e-03,8.61618761e-03,8.39442573e-03
194,1.36846520e-03,2.37217503e-03,3.83386314e-02,4.04824428e-02,2.62124948e-02
195,1.40543332e-03,2.02785391e-03,9.11061000e-03,9.87323653e-03,9.30022541e-03
196,1.57123560e-03,2.08738443e-03,9.14501958e-03,9.96554364e-03,9.76225547e-03
197,1.50643633e-03,2.74940157e-03,1.02514299e-02,1.10285627e-02,9.85889789e-03
198,1.88328989e-03,2.08104739e-03,2.39345543e-02,2.46283002e-02,1.98881291e-02
199,1.45147953e-03,1.79626807e-03,7.51137361e-03,8.25701095e-03,7.95562752e-03
200,1.42931958e-03,1.77663805e-03,1.14791319e-02,1.22030517e-02,1.13182003e-02
201,1.23774046e-03,1.80761617e-03,1.26926228e-02,1.44312978e-02,1.24047417e-02
202,1.31705502e-03,1.88217093e-03,2.31735148e-02,2.38316637e-02,1.58946309e-02
203,1.29123844e-03,2.58632901e-03,3.96304987e-02,4.26803157e-02,2.48275362e-02
204,1.41370498e-03,1.94778669e-03,2.63770483e-02,2.86807120e-02,1.90397482e-02
205,1.42959889e-03,1.81269598e-03,1.40054096e-02,1.49385286e-02,1.31030502e-02
206,1.66304253e-03,2.46207335e-03,3.05575132e-02,3.35274562e-02,2.17927638e-02
207,1.49816398e-03,1.87034765e-03,1.91887803e-02,2.19102837e-02,1.60454530e-02
208,1.51404443e-03,2.27175783e-03,2.70063989e-02,3.10708228e-02,2.06060335e-02
209,1.49630068e-03,1.81003540e-03,1.60003044e-02,1.71340760e-02,1.31649747e-02
210,1.50922746e-03,2.06631044e-03,1.71480514e-02,1.85897909e-02,1.31755872e-02
211,1.38813103e-03,1.87161022e-03,2.17307992e-02,2.30038054e-02,1.47208031e-02
212,1.27690829e-03,1.87478682e-03,1.84213128e-02,2.04955172e-02,1.62120238e-02
213,1.25578284e-03,1.85418497e-03,1.45235974e-02,1.59181003e-02,1.26306657e-02
214,1.51796271e-03,1.76344106e-03,1.74240656e-02,2.01163795e-02,1.41312554e-02
215,1.24448378e-03,1.78682715e-03,1.65094659e-02,1.90791357e-02,1.49510680e-02
216,1.39972092e-03,1.92455433e-03,1.38432411e-02,1.47026256e-02,1.28645645e-02
217,1.35763159e-03,1.87485205e-03,1.67611726e-02,1.99798327e-02,1.49746966e-02
218,1.31869900e-03,2.01453059e-03,1.95814427e-02,2.41664313e-02,1.63082816e-02
219,1.26097470e-03,2.19161323e-03,2.25434192e-02,2.35406626e-02,1.45497965e-02
220,1.27275207e-03,1.67231020e-03,1.43590374e-02,1.67772416e-02,1.39673902e-02
221,1.18829132e-03,1.89782028e-03,2.45741773e-02,2.55156644e-02,1.96494795e-02
222,1.52950086e-03,2.07544672e-03,1.69389024e-02,1.87356975e-02,1.49396751e-02
223,1.53907587e-03,1.94076321e-03,2.07819082e-02,2.24279407e-02,1.73104443e-02
224,1.81592345e-03,1.73532784e-03,1.46730198e-02,1.56754479e-02,1.38743417e-02
225,1.48895837e-03,1.79606478e-03,1.57949626e-02,1.65049024e-02,1.09826904e-02
226,1.16146208e-03,2.71480637e-03,1.02681480e-01,1.08154893e-01,3.01859677e-02
227,1.34053480e-03,2.40056671e-03,2.59277578e-02,2.78549828e-02,1.84891224e-02
228,1.60071691e-03,1.91297744e-03,1.85671635e-02,2.10086536e-02,1.57355927e-02
229,1.18552529e-03,1.83365074e-03,1.40186371e-02,1.50543209e-02,1.26208793e-02
230,1.19900438e-03,2.20493232e-03,2.77833045e-02,3.12794261e-02,2.09133532e-02
231,1.16874224e-03,1.69673502e-03,1.62163749e-02,1.71773732e-02,1.41093861e-02
232,1.34011995e-03,2.15029891e-03,2.16972698e-02,2.50582006e-02,1.63931567e-02
233,1.76774685e-03,1.72760002e-03,1.74677186e-02,1.93408038e-02,1.61934402e-02
234,1.33077500e-03,2.49883002e-03,3.00914459e-02,3.54141667e-02,2.37054210e-02
235,1.26701135e-03,1.90905848e-03,2.58359704e-02,2.68645585e-02,1.68012474e-02
236,1.20587790e-03,2.18898246e-03,2.44895089e-02,2.55435295e-02,1.99999306e-02
237,1.35450834e-03,1.87350863e-03,1.40359728e-02,1.49966525e-02,1.21957343e-02
238,1.32343028e-03,1.69662469e-03,1.87998824e-02,2.00782605e-02,1.45914573e-02
239,1.10729753e-03,1.94743707e-03,1.54938325e-02,1.73674114e-02,1.40776215e-02
240,1.27311976e-03,2.07698615e-03,1.86453480e-02,1.98424626e-02,1.43113760e-02
241,1.21812598e-03,1.90335177e-03,2.51160227e-02,2.77926084e-02,1.87571906e-02
242,1.19344132e-03,1.54133914e-03,2.88906209e-02,3.09724212e-02,1.69883929e-02
243,1.38189842e-03,1.84691833e-03,3.06824595e-02,3.22957635e-02,1.79683920e-02
244,1.15320195e-03,1.72064539e-03,2.40518935e-02,2.63652410e-02,1.79867931e-02
245,1.09523613e-03,1.66494795e-03,2.26630419e-02,3.04832812e-02,1.81397181e-02
246,1.06459904e-03,1.53654509e-03,2.26209480e-02,2.44527943e-02,1.38872014e-02
247,1.39118766e-03,1.57329746e-03,2.52946578e-02,2.75786817e-02,1.61132254e-02
248,1.26596058e-03,1.56383142e-03,1.99223496e-02,2.17492599e-02,1.38078136e-02
249,1.22511839e-03,2.85938017e-03,3.02685685e-02,3.28601412e-02,2.00846680e-02
250,1.31811013e-03,1.71500176e-03,2.95881424e-02,3.48840244e-02,1.90202408e-02
251,1.35315281e-03,1.69635078e-03,2.06504073e-02,2.61676814e-02,1.65848490e-02
252,1.12510304e-03,1.53612533e-03,2.04616077e-02,2.25919709e-02,1.36987586e-02
253,1.15634877e-03,2.08886732e-03,3.25221345e-02,3.72688547e-02,2.22442187e-02
254,1.49514502e-03,2.25206152e-03,2.71431208e-02,3.07053812e-02,1.75594985e-02
255,1.42433260e-03,3.56838905e-03,1.11100093e-01,1.27898976e-01,2.94609815e-02
256,1.47525096e-03,1.55578428e-03,2.47616470e-02,2.83398144e-02,1.65981892e-02
257,1.29973813e-03,1.70221726e-03,2.85849869e-02,3.03710308e-02,1.85768232e-02
258,1.19799951e-03,1.69068451e-03,3.02535780e-02,3.39162052e-02,1.94413122e-02
259,1.23997650e-03,1.68116659e-03,2.99795009e-02,3.26270238e-02,1.84837691e-02
260,1.17050412e-03,1.47935380e-03,2.13497821e-02,2.38782838e-02,1.38039915e-02
261,1.13005568e-03,1.60815286e-03,2.63684839e-02,2.89653149e-02,1.56655330e-02
262,1.11360396e-03,1.76891482e-03,2.79620476e-02,3.01254727e-02,1.77659076e-02
263,1.20389366e-03,1.52714342e-03,2.41196789e-02,2.59223729e-02,1.64046939e-02
264,1.16540802e-03,1.76536591e-03,2.21741609e-02,2.36938745e-02,1.55815901e-02
265,1.04311565e-03,1.75613398e-03,1.79887414e-02,2.10920312e-02,1.45821106e-02
266,1.15714729e-03,1.74733610e-03,2.51518898e-02,3.03442217e-02,1.76142137e-02
267,1.20028246e-03,1.65705601e-03,3.30770649e-02,3.44228968e-02,2.16477476e-02
268,1.06945210e-03,2.90832807e-03,2.44305264e-02,2.72857212e-02,1.97360180e-02
269,1.49328561e-03,1.76653647e-03,3.69116142e-02,4.41459715e-02,2.42299531e-02
270,1.22976555e-03,1.56977743e-03,2.99203247e-02,3.31474319e-02,1.84666552e-02
271,1.07882864e-03,1.64030510e-03,2.01767888e-02,2.24941988e-02,1.49425063e-02
272,1.15191564e-03,1.57229261e-03,3.74885164e-02,4.08474170e-02,2.16806177e-02
273,1.12621531e-03,1.67626129e-03,2.01223604e-02,2.20776442e-02,1.44878775e-02
274,1.28320506e-03,1.71260992e-03,3.31418440e-02,3.65790501e-02,2.00690608e-02
275,1.04511685e-03,1.56075181e-03,2.15272121e-02,2.30355989e-02,1.65938605e-02
276,1.15844657e-03,1.65485350e-03,2.58237869e-02,2.84732785e-02,1.67613532e-02
277,1.09562786e-03,1.62939706e-03,3.00302207e-02,3.30612957e-02,1.85758825e-02
278,1.06423092e-03,2.01279356e-03,3.01535428e-02,3.11000105e-02,1.93584859e-02
279,1.13762270e-03,1.55283522e-03,2.62864791e-02,2.84161624e-02,1.47030307e-02
280,1.11933585e-03,3.56142076e-03,4.24398296e-02,6.24766350e-02,2.71074865e-02
281,1.29621936e-03,1.55887029e-03,2.41231509e-02,2.60555800e-02,1.65085774e-02
282,1.19609260e-03,2.04379104e-03,3.24392021e-02,3.53296995e-02,1.99585669e-02
283,1.08459028e-03,1.55974479e-03,2.57950537e-02,2.89683286e-02,1.59260295e-02
284,1.18968304e-03,1.58761773e-03,2.71652434e-02,2.90423837e-02,1.79675482e-02
285,1.11182120e-03,1.62367578e-03,2.49748211e-02,2.81086899e-02,1.71177201e-02
286,1.18309251e-03,1.43426139e-03,3.55021395e-02,3.85850854e-02,1.92386489e-02
287,1.04279166e-03,1.60638523e-03,2.24142782e-02,2.57025100e-02,1.63713954e-02
288,1.03188047e-03,1.59079816e-03,3.19952257e-02,3.35429981e-02,1.61187034e-02
289,1.13869824e-03,1.55516838e-03,2.30483450e-02,2.60129161e-02,1.64490119e-02
290,1.05224981e-03,1.57177886e-03,2.02432945e-02,2.27353834e-02,1.46246701e-02
291,1.06926852e-03,1.50989598e-03,3.08081619e-02,3.20920870e-02,2.11814679e-02
292,1.30636781e-03,1.62109996e-03,2.71618422e-02,2.93304231e-02,1.73751302e-02
293,1.18479828e-03,1.49468345e-03,2.16044821e-02,2.28146501e-02,1.25617739e-02
294,1.21250352e-03,1.77894915e-03,3.20084989e-02,3.41456905e-02,2.19063796e-02
295,1.11797564e-03,1.65941933e-03,2.93230675e-02,3.13477814e-02,1.89778022e-02
296,1.21787828e-03,2.42259070e-03,6.30670413e-02,6.66136071e-02,2.78799646e-02
297,1.19310925e-03,1.67249783e-03,2.46183462e-02,2.71111634e-02,1.67878233e-02
298,1.19091607e-03,1.50516017e-03,2.10070163e-02,2.34829523e-02,1.47244977e-02
299,1.05678851e-03,1.56478932e-03,2.92394217e-02,3.08922343e-02,1.57407504e-02
300,1.21888478e-03,1.55264681e-03,2.23113503e-02,2.62232572e-02,1.49130253e-02
301,9.61563204e-04,1.52346097e-03,2.09123865e-02,2.09123865e-02,1.16502913e-02
302,1.01213674e-03,1.81625236e-03,6.03156276e-02,6.03156276e-02,2.33524684e-02
303,1.00102790e-03,1.42950022e-03,1.77378394e-02,1.77378394e-02,1.23761138e-02
304,1.13022861e-03,2.10834323e-03,5.43828420e-02,5.43828420e-02,2.53463034e-02
305,1.26189103e-03,1.47531934e-03,2.12098733e-02,2.12098733e-02,1.37113603e-02
306,1.17966656e-03,1.74141060e-03,1.77023336e-02,1.77023336e-02,1.23788444e-02
307,1.17582642e-03,1.55319212e-03,2.20037159e-02,2.20037159e-02,1.27889067e-02
308,9.98727321e-04,1.48894570e-03,2.25156471e-02,2.25156471e-02,1.58003122e-02
309,1.02270475e-03,1.65778617e-03,1.93286184e-02,1.93286184e-02,1.27450880e-02
310,9.82534225e-04,2.60121134e-03,4.02217507e-02,4.02217507e-02,2.74228118e-02
311,1.35556947e-03,1.40566679e-03,2.64835916e-02,2.64835916e-02,1.55368242e-02
312,1.19786835e-03,1.95139788e-03,2.64687240e-02,2.64687240e-02,1.45722553e-02
313,1.14739510e-03,1.69841611e-03,2.42405217e-02,2.42405217e-02,1.63862668e-02
314,1.31321077e-03,1.40082175e-03,1.31304059e-02,1.31304059e-02,9.75740049e-03
315,9.28815775e-04,1.36881251e-03,2.16926374e-02,2.16926374e-02,1.32320896e-02
316,9.35916824e-04,1.46379577e-03,2.11102981e-02,2.11102981e-02,1.43842902e-02
317,9.01078545e-04,1.47357686e-03,1.77978855e-02,1.77978855e-02,1.41432015e-02
318,9.27876590e-04,1.48076509e-03,2.31538266e-02,2.31538266e-02,1.48775699e-02
319,8.99992676e-04,1.47236771e-03,1.63041037e-02,1.63041037e-02,1.16804242e-02
320,9.34823155e-04,1.45074253e-03,1.68757699e-02,1.68757699e-02,1.15273669e-02
321,9.89254642e-04,1.67647271e-03,1.97039954e-02,1.97039954e-02,1.47994459e-02
322,9.25011389e-04,1.94456439e-03,5.11033162e-02,5.11033162e-02,2.89422516e-02
323,1.06572850e-03,1.54355999e-03,1.77839622e-02,1.77839622e-02,1.14454469e-02
324,9.14460674e-04,1.44099745e-03,1.89832151e-02,1.89832151e-02,1.26125440e-02
325,9.13530310e-04,1.30751011e-03,1.75356064e-02,1.75356064e-02,1.16720581e-02
326,8.15264277e-04,1.72404211e-03,2.01716609e-02,2.01716609e-02,1.23951007e-02
327,8.72352057e-04,1.38728111e-03,1.81276593e-02,1.81276593e-02,1.23221520e-02
328,8.07083264e-04,1.40513364e-03,3.91483717e-02,3.91483717e-02,2.09810380e-02
329,8.47975340e-04,1.34998599e-03,1.33331046e-02,1.33331046e-02,9.10431799e-03
330,8.11262418e-04,1.32892974e-03,1.91453248e-02,1.91453248e-02,1.24750063e-02
331,7.88001392e-04,1.25592374e-03,1.84331909e-02,1.84331909e-02,1.03484783e-02
332,8.41603107e-04,1.36234902e-03,1.50021520e-02,1.50021520e-02,1.07924957e-02
333,8.15279341e-04,1.29638947e-03,1.19254775e-02,1.19254775e-02,9.12971236e-03
334,7.92909433e-04,1.29036162e-03,2.26462036e-02,2.26462036e-02,1.22410730e-02
335,7.54247962e-04,1.27563929e-03,1.32734906e-02,1.32734906e-02,9.95467789e-03
336,7.55942590e-04,1.27034559e-03,2.26727054e-02,2.26727054e-02,1.45400316e-02
337,7.50696318e-04,1.26053868e-03,1.57804601e-02,1.57804601e-02,1.08487140e-02
338,7.47870202e-04,1.28544211e-03,1.85529683e-02,1.85529683e-02,1.30454730e-02
339,7.37852057e-04,1.27223167e-03,1.98392961e-02,1.98392961e-02,1.09327603e-02
340,7.38542186e-04,1.26424683e-03,1.74668077e-02,1.74668077e-02,1.18609760e-02
341,7.22144817e-04,1.26731577e-03,1.25485156e-02,1.25485156e-02,8.40440765e-03
342,7.17478930e-04,1.23021774e-03,1.41539667e-02,1.41539667e-02,1.00541236e-02
343,7.05604616e-04,1.24324694e-03,1.20367911e-02,1.20367911e-02,8.24930426e-03
344,7.10436696e-04,1.22173798e-03,1.83101185e-02,1.83101185e-02,1.24148112e-02
345,7.00276852e-04,1.26705193e-03,2.00748648e-02,2.00748648e-02,1.34017672e-02
346,7.00072165e-04,1.21179165e-03,1.90133788e-02,1.90133788e-02,1.18039940e-02
347,6.88504451e-04,1.21707541e-03,1.92124378e-02,1.92124378e-02,1.34162558e-02
348,6.85783248e-04,1.20561288e-03,1.80885457e-02,1.80885457e-02,1.24421548e-02
349,6.81167114e-04,1.22991956e-03,1.72896758e-02,1.72896758e-02,1.07543552e-02
350,6.76606080e-04,1.22388016e-03,1.50814708e-02,1.50814708e-02,1.04668280e-02
351,6.72462238e-04,1.23953198e-03,1.28553603e-02,1.28553603e-02,9.38387867e-03
352,6.71023289e-04,1.22327863e-03,1.47052435e-02,1.47052435e-02,1.09782768e-02
353,6.68953159e-04,1.22180153e-03,1.06431739e-02,1.06431739e-02,8.14984087e-03
354,6.63322241e-04,1.20633040e-03,1.83181278e-02,1.83181278e-02,1.13978582e-02
355,6.62271792e-04,1.22321943e-03,1.66235864e-02,1.66235864e-02,1.15692075e-02
356,6.61511123e-04,1.20453416e-03,2.21186094e-02,2.21186094e-02,1.35679962e-02
357,6.56667697e-04,1.19881592e-03,1.59714241e-02,1.59714241e-02,1.10657346e-02
358,6.58194941e-04,1.19813997e-03,2.55422592e-02,2.55422592e-02,1.31189395e-02
359,6.55587001e-04,1.20260317e-03,1.73920076e-02,1.73920076e-02,1.06162662e-02
360,6.55399117e-04,1.19926592e-03,1.75355859e-02,1.75355859e-02,1.24198245e-02
