epoch,train_loss,val_loss,rollout_raw,rollout_plus_ag_pre_cap,rollout_capped
1,3.79395358e-02,2.40847814e-02,nan,nan,nan
2,2.61350014e-02,1.97181246e-02,nan,nan,nan
3,2.00384124e-02,1.30649104e-02,nan,nan,nan
4,1.55898564e-02,1.09699739e-02,nan,nan,nan
5,1.22328923e-02,9.87397792e-03,nan,nan,nan
6,1.08754053e-02,1.12203452e-02,nan,nan,nan
7,1.12760086e-02,7.79294631e-03,nan,nan,nan
8,9.16846805e-03,8.04354036e-03,nan,nan,nan
9,8.95645217e-03,6.63103786e-03,nan,nan,nan
10,8.86384306e-03,6.45919463e-03,nan,nan,nan
11,7.61033847e-03,6.09634537e-03,nan,nan,nan
12,8.37405565e-03,6.13718390e-03,nan,nan,nan
13,7.03852377e-03,5.89549001e-03,nan,nan,nan
14,7.04795937e-03,5.74540017e-03,nan,nan,nan
15,7.13035120e-03,5.81013541e-03,nan,nan,nan
16,6.62353465e-03,5.36811442e-03,nan,nan,nan
17,6.18889644e-03,5.26985396e-03,nan,nan,nan
18,7.12030389e-03,5.99811378e-03,nan,nan,nan
19,6.37048244e-03,5.21731762e-03,nan,nan,nan
20,6.70455362e-03,5.26790891e-03,nan,nan,nan
21,5.87846810e-03,4.99294525e-03,nan,nan,nan
22,5.23272251e-03,5.28869286e-03,nan,nan,nan
23,6.55076590e-03,4.88456472e-03,nan,nan,nan
24,5.81627201e-03,4.96307322e-03,nan,nan,nan
25,5.23271118e-03,4.45682705e-03,nan,nan,nan
26,5.59712756e-03,4.53451761e-03,nan,nan,nan
27,4.92955553e-03,4.21490250e-03,nan,nan,nan
28,4.79886482e-03,4.65543890e-03,nan,nan,nan
29,4.70963345e-03,4.07110012e-03,nan,nan,nan
30,4.46514741e-03,3.87419467e-03,nan,nan,nan
31,4.15232422e-03,4.68528614e-03,nan,nan,nan
32,4.47949665e-03,5.68598822e-03,nan,nan,nan
33,5.28668000e-03,6.42260991e-03,nan,nan,nan
34,5.00696902e-03,4.23535888e-03,nan,nan,nan
35,4.58067149e-03,3.71393299e-03,nan,nan,nan
36,4.30996212e-03,4.60750301e-03,nan,nan,nan
37,4.06322082e-03,3.72479266e-03,nan,nan,nan
38,4.49382775e-03,3.63589163e-03,nan,nan,nan
39,3.73228472e-03,3.42624100e-03,nan,nan,nan
40,3.96675208e-03,3.49878358e-03,nan,nan,nan
41,3.69548173e-03,4.44427751e-03,2.88573354e-02,4.06165421e-02,2.16496214e-02
42,3.59350129e-03,3.58868030e-03,1.13878753e-02,3.43831480e-02,9.28539503e-03
43,3.79772130e-03,3.65908328e-03,1.17211929e-02,2.04907693e-02,1.11191403e-02
44,3.40534993e-03,3.94269323e-03,1.20089361e-02,1.38913263e-02,1.28308060e-02
45,3.49425017e-03,6.59397381e-03,1.46547081e-02,2.12630648e-02,1.57028474e-02
46,6.14696955e-03,4.74274517e-03,2.25090627e-02,8.19462538e-02,1.48485871e-02
47,4.39013963e-03,3.53063288e-03,7.80883711e-03,1.56667791e-02,8.70865025e-03
48,3.46100985e-03,3.35939258e-03,8.67613778e-03,1.30349919e-02,8.87057465e-03
49,3.15552490e-03,3.26685226e-03,3.62824947e-02,1.13278747e-01,1.91474892e-02
50,3.36004564e-03,3.39524352e-03,1.01446761e-02,4.22080234e-02,8.64657480e-03
51,3.40025272e-03,3.71644267e-03,1.64875779e-02,2.70846225e-02,1.36622414e-02
52,3.74468956e-03,3.23193150e-03,8.58298223e-03,2.42982917e-02,7.70569872e-03
53,4.79098619e-03,6.73303408e-03,2.46894918e-02,3.98010872e-02,2.10743882e-02
54,4.51818063e-03,4.14647152e-03,1.00674275e-02,1.78297199e-02,8.93201400e-03
55,3.33563124e-03,3.18956107e-03,9.47310589e-03,2.08539031e-02,8.74179415e-03
56,3.25492397e-03,3.27993496e-03,1.80776920e-02,3.06702852e-02,1.61506198e-02
57,3.15665252e-03,3.11978996e-03,1.10046659e-02,1.67438593e-02,1.12503972e-02
58,3.53844713e-03,3.13582567e-03,3.16386931e-02,1.41992673e-01,1.79060437e-02
59,2.83814202e-03,2.98415187e-03,7.98516441e-03,1.68423094e-02,7.82079436e-03
60,3.45218256e-03,6.00712300e-03,4.35593501e-02,1.33667186e-01,2.27061585e-02
61,3.75904280e-03,3.25214472e-03,5.91126084e-03,9.28098429e-03,7.89259188e-03
62,2.94000452e-03,3.03433564e-03,1.68675985e-02,2.07373351e-02,1.91502739e-02
63,2.88539292e-03,2.92225866e-03,1.18734110e-02,2.14243513e-02,1.12056369e-02
64,3.03302125e-03,3.08323298e-03,7.12781539e-03,1.11882798e-02,7.36750197e-03
65,2.77755140e-03,2.92934377e-03,5.92740439e-03,7.05367327e-03,6.75199414e-03
66,2.84686479e-03,3.00235325e-03,7.98436441e-03,1.30691845e-02,8.48870166e-03
67,4.20050712e-03,2.90520298e-03,8.36755987e-03,1.19769303e-02,8.18854757e-03
68,2.58048418e-03,3.10233626e-03,2.28797793e-02,1.01283416e-01,1.37672247e-02
69,3.12678395e-03,3.25625239e-03,7.82845356e-03,1.07362708e-02,9.06433351e-03
70,2.66690245e-03,2.83880964e-03,7.38800038e-03,1.09430216e-02,8.18361528e-03
71,2.61981624e-03,2.71460050e-03,8.05719383e-03,1.08719487e-02,1.02695860e-02
72,2.65233725e-03,2.86769214e-03,5.25007444e-03,5.86731359e-03,5.86731359e-03
73,2.52801166e-03,3.55378000e-03,2.94693168e-02,1.17322028e-01,1.99525543e-02
74,2.30966645e-03,3.01325551e-03,1.70288868e-02,2.81229131e-02,1.52144339e-02
75,2.99552612e-03,2.93326292e-03,6.29259134e-03,8.28680675e-03,6.73662731e-03
76,2.38474403e-03,3.14138691e-03,1.02101620e-02,1.27756018e-02,1.11471917e-02
77,2.93709171e-03,2.63521779e-03,6.80943578e-03,7.83325545e-03,7.14418432e-03
78,2.49723450e-03,2.74574603e-03,7.42344698e-03,1.63845625e-02,7.37689342e-03
79,3.07548184e-03,2.67938380e-03,9.92529467e-03,2.10784040e-02,8.68030824e-03
80,3.11293463e-03,2.79757166e-03,9.88451671e-03,1.77276880e-02,9.21996869e-03
81,2.41116093e-03,5.46713695e-03,7.94961527e-02,1.53003126e-01,3.14857252e-02
82,2.66193808e-03,2.70289195e-03,9.79801733e-03,1.20766368e-02,9.03175771e-03
83,2.33381901e-03,3.22669073e-03,2.03898791e-02,2.86247674e-02,1.92222018e-02
84,3.09939792e-03,2.56962171e-03,1.25516355e-02,2.05972604e-02,1.10138655e-02
85,2.30752616e-03,2.53129152e-03,6.76292088e-03,8.48983321e-03,6.62131375e-03
86,2.11176322e-03,2.54731577e-03,9.35349055e-03,1.41701344e-02,8.85027088e-03
87,2.66588344e-03,3.11251442e-03,1.35115059e-02,1.67784207e-02,1.26396120e-02
88,2.56745772e-03,2.44681916e-03,5.31409401e-03,6.58320636e-03,6.48884242e-03
89,2.19258272e-03,2.39813613e-03,9.34127718e-03,1.19563555e-02,9.68813151e-03
90,2.31413816e-03,3.57525289e-03,2.05717124e-02,3.05302497e-02,1.98135301e-02
91,2.71390264e-03,2.53958371e-03,2.13709809e-02,3.49945351e-02,2.03020107e-02
92,2.23616471e-03,2.51321352e-03,1.18927276e-02,1.80165879e-02,1.25937089e-02
93,2.15305806e-03,2.71361566e-03,2.17478015e-02,3.52752134e-02,1.74529944e-02
94,2.28604892e-03,2.41253930e-03,2.35236436e-02,6.61011934e-02,1.46671208e-02
95,2.07108008e-03,2.27425822e-03,1.04731312e-02,2.06523836e-02,8.00157059e-03
96,2.26654127e-03,2.29202238e-03,8.42236169e-03,9.92204435e-03,8.46135989e-03
97,2.12960564e-03,3.77768855e-03,2.36947443e-02,3.25162783e-02,2.03203410e-02
98,2.25463443e-03,2.38809578e-03,1.19840577e-02,3.02898381e-02,8.85106903e-03
99,2.09199008e-03,8.64081672e-03,6.08496368e-02,1.40947461e-01,3.13577801e-02
100,3.91656922e-03,2.52457972e-03,8.03286210e-03,1.46970181e-02,8.14249087e-03
101,2.35156130e-03,2.49062189e-03,7.81076634e-03,9.11928713e-03,8.10472202e-03
102,2.14707315e-03,3.66387912e-03,2.04472058e-02,4.97503057e-02,1.31634381e-02
103,2.38556006e-03,2.40657220e-03,7.06657860e-03,9.13205184e-03,7.55546754e-03
104,2.10619791e-03,2.66806959e-03,1.09777655e-02,2.09283866e-02,8.01832229e-03
105,2.36634874e-03,2.89562452e-03,9.44271684e-03,1.16323326e-02,9.23503749e-03
106,2.00015096e-03,2.23161104e-03,1.33956997e-02,2.60021649e-02,1.82644688e-02
107,2.10450331e-03,2.43877909e-03,6.46238634e-03,6.76122587e-03,6.44619111e-03
108,1.84210717e-03,2.27107766e-03,5.44520840e-03,6.25402387e-03,5.24857407e-03
109,1.72197395e-03,2.13631531e-03,1.77504271e-02,5.38551323e-02,7.66201550e-03
110,1.68289086e-03,2.39530183e-03,1.00432066e-02,1.54268984e-02,1.27988057e-02
111,1.86912230e-03,2.27972067e-03,1.29484609e-02,2.60079149e-02,7.30718672e-03
112,2.17084200e-03,2.28858502e-03,1.23745920e-02,1.84894446e-02,1.25659527e-02
113,1.88304881e-03,2.18458908e-03,9.99215804e-03,2.31535006e-02,7.33015593e-03
114,2.47322340e-03,2.44384347e-03,7.30892271e-03,8.53342656e-03,7.56253162e-03
115,2.18627923e-03,2.41458402e-03,1.10010142e-02,2.26695240e-02,1.16247069e-02
116,1.79136144e-03,2.22390411e-03,2.17594914e-02,5.24169691e-02,1.47768483e-02
117,1.90192100e-03,2.47091728e-03,1.48845259e-02,3.65176499e-02,1.19412178e-02
118,1.72840897e-03,2.19323551e-03,1.77217256e-02,2.32891850e-02,1.53756123e-02
119,1.56055055e-03,2.55403184e-03,4.26824987e-02,1.53894678e-01,2.55016945e-02
120,1.88176139e-03,2.30227666e-03,8.80960468e-03,1.24985408e-02,7.50889117e-03
121,1.99213019e-03,3.38936453e-03,2.81889923e-02,4.42890450e-02,2.14654244e-02
122,3.59659276e-03,3.36219518e-03,3.66299264e-02,5.09257242e-02,2.18630824e-02
123,2.88774151e-03,2.64663677e-03,1.41334031e-02,2.49754265e-02,1.06221000e-02
124,1.98489438e-03,2.82557168e-03,3.44931260e-02,4.37019467e-02,2.11375393e-02
125,2.00326433e-03,2.39773027e-03,2.40097828e-02,4.79809716e-02,1.07765850e-02
126,1.81557164e-03,2.18403880e-03,2.16441341e-02,3.65821235e-02,1.56250186e-02
127,1.95523473e-03,2.92179601e-03,1.55784739e-02,1.90748293e-02,1.21540511e-02
128,1.68199755e-03,2.08721502e-03,1.55323269e-02,2.57710181e-02,1.13023873e-02
129,1.85643014e-03,2.07791909e-03,1.03228828e-02,1.16175963e-02,1.08468812e-02
130,1.68225770e-03,1.97035363e-03,5.86443171e-02,1.96030378e-01,2.41582785e-02
131,2.04965115e-03,2.68957889e-03,2.98530553e-02,4.38745916e-02,2.24421900e-02
132,1.86047896e-03,2.07886866e-03,1.55973118e-02,2.59384625e-02,1.10523747e-02
133,1.81803668e-03,3.43112338e-03,3.11716497e-02,5.21386787e-02,2.44479254e-02
134,1.80963277e-03,2.19654864e-03,2.62431689e-02,4.69469652e-02,1.95718855e-02
135,1.62870615e-03,2.12185854e-03,1.38711911e-02,1.79319717e-02,1.28594236e-02
136,1.46909350e-03,2.01394985e-03,1.71031691e-02,1.93000734e-02,1.52070280e-02
137,1.45273492e-03,2.26153506e-03,1.61066186e-02,2.08380241e-02,1.47283496e-02
138,1.53088987e-03,2.00652299e-03,2.19372548e-02,3.94759700e-02,1.56231206e-02
139,1.58756536e-03,2.05213561e-03,1.48072792e-02,1.73626915e-02,1.23688765e-02
140,2.06863234e-03,2.01980817e-03,1.02500487e-02,1.13390293e-02,9.49933846e-03
141,1.60996259e-03,2.10805658e-03,1.47741614e-02,1.67509075e-02,1.23550724e-02
142,1.72209834e-03,2.07820459e-03,1.52687598e-02,1.98270269e-02,1.34599535e-02
143,1.42809859e-03,2.42607063e-03,1.12975780e-02,1.25793442e-02,9.32714250e-03
144,1.65731753e-03,3.43809279e-03,3.38407382e-02,5.43044694e-02,2.35520378e-02
145,2.08271341e-03,2.26001647e-03,2.08128691e-02,2.67625246e-02,1.21200485e-02
146,2.17650954e-03,2.18422446e-03,1.56182256e-02,2.19026078e-02,1.47068370e-02
147,1.61427239e-03,2.16069469e-03,3.37202027e-02,5.97933456e-02,2.17466876e-02
148,1.44972858e-03,1.95571481e-03,1.18367663e-02,1.43700037e-02,8.19141697e-03
149,1.71472494e-03,1.94902704e-03,1.06021855e-02,1.19955260e-02,1.11257583e-02
150,1.64514907e-03,1.94411474e-03,1.97059494e-02,2.47235224e-02,1.33087309e-02
151,1.84882737e-03,1.88962346e-03,1.09133078e-02,1.19271958e-02,7.94694759e-03
152,2.39758122e-03,2.42104773e-03,1.85815133e-02,2.67639048e-02,1.74675770e-02
153,1.78671176e-03,2.05545618e-03,1.72366388e-02,2.36506574e-02,1.23476163e-02
154,1.67900919e-03,1.84271551e-03,1.23028439e-02,1.34578599e-02,1.22776935e-02
155,1.56135354e-03,1.80717930e-03,1.46376882e-02,1.71546582e-02,1.05529726e-02
156,1.36565926e-03,1.90878365e-03,1.69300772e-02,2.58677658e-02,1.83430985e-02
157,1.69674029e-03,2.61840494e-03,1.84434447e-02,2.28757653e-02,1.80484913e-02
158,1.93483534e-03,1.98822425e-03,1.54314339e-02,2.07461640e-02,1.26405898e-02
159,1.68978068e-03,2.82862470e-03,2.34871712e-02,3.02289277e-02,1.93498135e-02
160,1.47666642e-03,1.78858399e-03,7.18438160e-03,7.71729648e-03,7.27150356e-03
161,1.62623995e-03,2.00246366e-03,1.98575128e-02,2.26116627e-02,1.56023530e-02
162,1.54274124e-03,1.96296799e-03,1.65248439e-02,1.77252814e-02,1.40819717e-02
163,1.61878133e-03,1.94568682e-03,1.50462072e-02,1.63186844e-02,1.17968041e-02
164,1.40763193e-03,2.05509231e-03,1.81880258e-02,2.12290548e-02,1.52337551e-02
165,1.31277522e-03,1.93064851e-03,3.96794602e-02,4.73556705e-02,2.35062595e-02
166,1.46890058e-03,1.77637901e-03,1.97660737e-02,2.36732848e-02,1.38609884e-02
167,1.36248972e-03,1.77722388e-03,2.68628709e-02,4.35039923e-02,1.39409946e-02
168,1.33581720e-03,2.16686179e-03,2.46054381e-02,2.88958307e-02,1.94545630e-02
169,1.64597738e-03,1.79772105e-03,1.84652843e-02,2.26569287e-02,1.28487665e-02
170,1.49155602e-03,2.94992870e-03,3.95449772e-02,5.02126925e-02,2.12332401e-02
171,1.57568498e-03,1.92044738e-03,6.43716827e-02,1.20013073e-01,2.41002049e-02
172,2.46516861e-03,2.83800946e-03,4.64651734e-02,6.89652711e-02,2.63092518e-02
173,1.80216293e-03,1.84714923e-03,1.46240424e-02,1.57456957e-02,1.19186817e-02
174,1.33414591e-03,1.80000553e-03,1.76068936e-02,2.19958257e-02,1.03482436e-02
175,1.30751867e-03,1.80284276e-03,2.21089460e-02,3.21082845e-02,1.27729373e-02
176,1.24687182e-03,1.78737566e-03,2.22684853e-02,2.49214880e-02,1.68908108e-02
177,1.36620793e-03,2.17748606e-03,2.08728071e-02,2.55834702e-02,1.88213848e-02
178,1.36393353e-03,2.16912417e-03,3.78545225e-02,6.48215562e-02,2.37792712e-02
179,1.63832407e-03,5.63273169e-03,3.41251753e-02,5.66470623e-02,1.93797033e-02
180,1.85709705e-03,1.71376545e-03,1.39687601e-02,1.57532971e-02,1.08953891e-02
181,1.27293342e-03,1.94383737e-03,2.69033313e-02,3.50556448e-02,1.50010828e-02
182,1.25206922e-03,2.09947728e-03,6.50516897e-02,1.14930093e-01,2.70247497e-02
183,1.26622643e-03,1.98377938e-03,2.56407857e-02,3.66216749e-02,1.67390406e-02
184,1.49720499e-03,2.08534440e-03,2.87638865e-02,2.99779978e-02,1.95918567e-02
185,1.48698255e-03,2.86421546e-03,4.58914451e-02,9.42332223e-02,1.97958462e-02
186,1.63808104e-03,2.11318837e-03,1.44796148e-02,1.73006691e-02,1.37554007e-02
187,1.47976339e-03,1.62802408e-03,1.60633065e-02,1.89630780e-02,1.35187898e-02
188,1.11182520e-03,2.13651928e-03,3.86454910e-02,5.31687923e-02,2.58486364e-02
189,1.15572827e-03,1.78931586e-03,1.21779395e-02,1.29383979e-02,1.11958031e-02
190,1.88455585e-03,1.85317913e-03,3.72255892e-02,4.92729209e-02,2.06728522e-02
191,1.26935395e-03,1.75610487e-03,2.76574437e-02,3.15921567e-02,1.97632778e-02
192,1.49893996e-03,1.89627944e-03,1.96370464e-02,2.36220676e-02,1.83889158e-02
193,1.15797883e-03,1.68494225e-03,1.38413114e-02,1.43889692e-02,1.21257845e-02
194,1.44275343e-03,1.88820698e-03,1.95088051e-02,2.40983106e-02,1.48682650e-02
195,1.95352180e-03,1.68539229e-03,1.12057133e-02,1.18553331e-02,9.74375103e-03
196,1.41406181e-03,1.96916498e-03,2.46998370e-02,2.79169939e-02,1.77908801e-02
197,1.24718186e-03,1.83423186e-03,1.38409706e-02,1.51614668e-02,1.29371108e-02
198,1.16091288e-03,2.57148170e-03,3.19310427e-02,3.34109850e-02,2.35399399e-02
199,1.26158890e-03,1.79066249e-03,1.70840099e-02,1.83405261e-02,1.43669220e-02
200,1.45695564e-03,3.09308242e-03,9.19027627e-02,1.85295731e-01,3.05087622e-02
201,1.44882798e-03,1.69179335e-03,2.92959455e-02,3.22232135e-02,1.75722335e-02
202,1.30135108e-03,1.87702974e-03,6.30086213e-02,8.49763304e-02,1.91590898e-02
203,1.49915045e-03,2.13859139e-03,8.15508813e-02,1.33255288e-01,2.12297626e-02
204,1.45133392e-03,2.82775516e-03,8.91465545e-02,1.24958277e-01,2.61914432e-02
205,1.79648477e-03,1.79997737e-03,3.70576270e-02,4.44951579e-02,2.07398497e-02
206,1.28030040e-03,3.69869542e-03,4.61711101e-02,6.43869862e-02,2.54813023e-02
207,1.44099937e-03,1.66037700e-03,3.89801115e-02,4.79590669e-02,1.89789701e-02
208,1.33778766e-03,1.78050827e-03,3.88035551e-02,4.37348448e-02,2.15121843e-02
209,1.42280902e-03,1.94151157e-03,3.75981107e-02,4.16914932e-02,2.01114416e-02
210,1.21486327e-03,1.62451607e-03,4.05840091e-02,5.50686903e-02,1.99548863e-02
211,1.19241945e-03,1.83871659e-03,3.92638184e-02,4.91403714e-02,2.32985653e-02
212,1.12774156e-03,1.62010781e-03,3.00165750e-02,3.33789364e-02,2.06802115e-02
213,1.11416463e-03,1.95242785e-03,5.73387146e-02,8.80759731e-02,2.47950833e-02
214,1.16831988e-03,1.94842949e-03,4.07275148e-02,5.80752008e-02,1.93341002e-02
215,1.45391646e-03,2.13253534e-03,2.70995405e-02,3.18658985e-02,2.02142745e-02
216,1.39441204e-03,1.58888134e-03,3.74594927e-02,4.65918817e-02,1.81814395e-02
217,1.10017287e-03,5.93915186e-03,1.56524494e-01,4.08078283e-01,3.17872092e-02
218,1.63244648e-03,2.26819342e-03,3.23992781e-02,3.55709307e-02,1.90255605e-02
219,1.16440581e-03,1.67325019e-03,3.97540964e-02,5.84761687e-02,1.67325586e-02
220,1.16373120e-03,1.54571286e-03,2.65468396e-02,2.78390702e-02,1.91889890e-02
221,1.35181193e-03,1.75373499e-03,3.42264399e-02,4.65359911e-02,1.74995977e-02
222,1.15605437e-03,1.72632966e-03,4.14294228e-02,6.15502484e-02,1.76193621e-02
223,1.22586167e-03,1.70120618e-03,3.09168957e-02,3.49387303e-02,1.88415144e-02
224,1.08840704e-03,1.79430104e-03,2.97843758e-02,3.50147597e-02,1.82975046e-02
225,9.93553890e-04,1.67312352e-03,3.50764133e-02,4.32224274e-02,1.84146892e-02
226,1.04184467e-03,1.60387405e-03,4.15112451e-02,6.27472550e-02,1.82305444e-02
227,1.22671716e-03,1.70679937e-03,3.52932736e-02,3.90897505e-02,1.87108219e-02
228,1.26088475e-03,1.63365288e-03,4.40716743e-02,5.57646863e-02,2.15236880e-02
229,1.38502818e-03,1.59717874e-03,4.30401526e-02,6.24319986e-02,1.83400009e-02
230,1.11290668e-03,1.82615073e-03,5.67144156e-02,6.66443631e-02,2.57616285e-02
231,1.51719077e-03,1.86320530e-03,2.91358419e-02,3.02082486e-02,2.08034758e-02
232,1.10791749e-03,1.87895884e-03,4.36610058e-02,5.75732999e-02,1.72339920e-02
233,1.08626454e-03,2.47537606e-03,3.58073488e-02,3.75014469e-02,2.05215253e-02
234,1.86504116e-03,1.86348167e-03,3.98244336e-02,4.34245132e-02,2.30978969e-02
235,1.22445978e-03,1.76064449e-03,4.31436487e-02,5.55099249e-02,1.83974765e-02
236,1.43239029e-03,1.59159353e-03,3.35967913e-02,5.36480956e-02,1.93936266e-02
237,1.20109796e-03,1.65955498e-03,3.35250758e-02,4.18787114e-02,1.83371361e-02
238,1.24287860e-03,1.72444122e-03,4.68429588e-02,6.65763095e-02,1.91353671e-02
239,9.90066939e-04,1.67096788e-03,5.14274016e-02,6.67660609e-02,2.02993676e-02
240,9.83545904e-04,1.50422102e-03,4.12696004e-02,6.00732453e-02,2.09549330e-02
241,9.79156017e-04,1.56783350e-03,3.81760783e-02,3.97882760e-02,1.90489758e-02
242,1.02993018e-03,1.52520560e-03,3.94772515e-02,4.13872264e-02,1.80978738e-02
243,9.99810566e-04,1.57730186e-03,5.50443940e-02,7.32548684e-02,1.94681101e-02
244,1.15201435e-03,1.69150217e-03,4.51154523e-02,5.82499728e-02,1.78398266e-02
245,1.43481428e-03,1.65435237e-03,7.71831349e-02,9.80297700e-02,2.58883592e-02
246,1.39492920e-03,1.91756551e-03,1.66180044e-01,3.98695827e-01,2.79924832e-02
247,1.01692043e-03,1.85501623e-03,5.96946552e-02,7.56214708e-02,2.17956342e-02
248,1.14323218e-03,1.68312681e-03,5.31752519e-02,6.53843209e-02,2.04126146e-02
249,9.65702380e-04,1.62852612e-03,4.05609980e-02,4.35042232e-02,1.79424603e-02
250,1.04671254e-03,1.53276584e-03,1.04720749e-01,1.80188045e-01,2.26020068e-02
251,9.96058904e-04,1.66088201e-03,5.10553122e-02,8.04226622e-02,2.06237752e-02
252,1.09018090e-03,1.68858391e-03,7.93868974e-02,1.28669590e-01,2.45764013e-02
253,1.26826953e-03,1.71573642e-03,7.70045072e-02,9.58140790e-02,2.43303813e-02
254,1.25154130e-03,1.61017334e-03,4.07957919e-02,4.53097448e-02,1.89313311e-02
255,1.05854731e-03,1.77563622e-03,4.24387231e-02,5.32766990e-02,1.95472576e-02
256,1.12849061e-03,1.48693006e-03,8.03543478e-02,1.44807577e-01,2.25221403e-02
257,1.36986142e-03,1.52595259e-03,4.82069030e-02,5.28003685e-02,2.08653249e-02
258,9.90372789e-04,1.59973537e-03,5.45802824e-02,5.89586720e-02,2.35054605e-02
259,1.06322412e-03,1.56548779e-03,4.00362499e-02,4.60051857e-02,1.96664799e-02
260,9.17486580e-04,1.49848623e-03,5.08299395e-02,7.34841004e-02,1.91921219e-02
261,1.01207697e-03,1.58955704e-03,7.15113133e-02,1.13216043e-01,2.11385339e-02
262,1.24324882e-03,2.04175483e-03,4.21056673e-02,5.89143559e-02,2.25009881e-02
263,1.22614067e-03,1.69784889e-03,5.70973083e-02,1.22147799e-01,1.88202020e-02
264,1.04551674e-03,1.53621800e-03,3.72356549e-02,4.10791412e-02,1.69904567e-02
265,9.72421237e-04,1.54036229e-03,4.50905859e-02,4.92009223e-02,1.93597637e-02
266,1.47106292e-03,1.68818371e-03,5.35132810e-02,7.86479637e-02,2.04714928e-02
267,9.41147706e-04,1.62098470e-03,4.16045561e-02,4.80612591e-02,2.47747339e-02
268,1.00712015e-03,1.53050477e-03,4.71414551e-02,6.87915832e-02,2.10679956e-02
269,8.65313447e-04,1.54295512e-03,5.43107018e-02,7.68174604e-02,1.98953692e-02
270,9.02091132e-04,1.68788046e-03,7.74646699e-02,9.82777327e-02,2.77014561e-02
271,1.32258188e-03,1.73910879e-03,5.13116196e-02,6.57821447e-02,2.05971245e-02
272,1.04290080e-03,1.84225205e-03,4.86709848e-02,6.03060350e-02,2.19111275e-02
273,9.78813102e-04,1.50498549e-03,5.37458546e-02,8.61153677e-02,1.93776283e-02
274,1.02868703e-03,1.52855649e-03,5.65162823e-02,7.03289062e-02,1.92850437e-02
275,9.41021126e-04,1.62294756e-03,5.82313016e-02,7.61349797e-02,2.57873051e-02
276,9.41065209e-04,1.45800411e-03,5.55323064e-02,7.45644346e-02,2.14929581e-02
277,8.88182920e-04,2.65530924e-03,5.72458506e-02,7.42970034e-02,2.46104263e-02
278,1.16679724e-03,1.97474742e-03,7.96368271e-02,1.24896862e-01,2.08697263e-02
279,1.28172295e-03,1.57979319e-03,4.07789126e-02,5.52148893e-02,1.76768266e-02
280,9.06925168e-04,1.53598356e-03,5.59491217e-02,8.32701698e-02,2.16471050e-02
281,9.69255929e-04,2.09184079e-03,7.46132657e-02,8.67446736e-02,2.43121143e-02
282,1.11275317e-03,1.47997101e-03,6.77320585e-02,1.01392150e-01,2.13684868e-02
283,1.07404866e-03,1.51051980e-03,4.95613813e-02,5.55850081e-02,2.04841215e-02
284,9.40837747e-04,1.48101387e-03,6.73523694e-02,8.78111869e-02,2.29739211e-02
285,1.17409830e-03,1.81623214e-03,7.59837776e-02,9.01865959e-02,2.50530392e-02
286,9.71712551e-04,1.70605779e-03,9.44672972e-02,1.47227019e-01,2.37246808e-02
287,1.00067502e-03,1.62691806e-03,1.00416884e-01,1.57402605e-01,2.47963462e-02
288,9.56884834e-04,1.56471043e-03,5.49528189e-02,7.72979259e-02,1.81809776e-02
289,8.36846912e-04,1.76069121e-03,4.95288596e-02,5.25168702e-02,2.66916640e-02
290,1.00273192e-03,1.53143601e-03,3.76507193e-02,4.14529108e-02,1.78081430e-02
291,1.04832192e-03,1.66325936e-03,7.38978609e-02,9.10199657e-02,2.50226445e-02
292,9.25522809e-04,1.46117718e-03,5.10483757e-02,5.55559099e-02,2.29561478e-02
293,9.31563722e-04,1.49501417e-03,5.79424500e-02,7.54059926e-02,1.90183707e-02
294,8.30366018e-04,1.49047799e-03,4.68972400e-02,7.29901940e-02,2.04193518e-02
295,9.39879188e-04,1.68721031e-03,5.06094284e-02,6.70176446e-02,1.91148035e-02
296,1.16108209e-03,1.60466751e-03,8.99737403e-02,1.44724086e-01,2.40946412e-02
297,1.34846440e-03,1.54109624e-03,7.54717961e-02,1.06701232e-01,2.18874328e-02
298,9.67185654e-04,1.46301352e-03,5.31974547e-02,6.95058629e-02,2.01549642e-02
299,8.90738760e-04,1.55761676e-03,7.70749152e-02,1.28519207e-01,2.27921344e-02
300,1.06194092e-03,1.82786616e-03,6.06585369e-02,6.52192757e-02,2.71598846e-02
301,9.16176486e-04,1.66321008e-03,4.70353626e-02,4.70353626e-02,2.02756003e-02
302,1.51801884e-03,1.86769215e-03,3.47065292e-02,3.47065292e-02,1.87677387e-02
303,1.18037473e-03,2.51387679e-03,3.65821309e-02,3.65821309e-02,2.14782525e-02
304,1.25342643e-03,1.52380467e-03,4.65605669e-02,4.65605669e-02,1.98867414e-02
305,8.22054773e-04,1.56616654e-03,4.96963933e-02,4.96963933e-02,2.33869385e-02
306,8.18657804e-04,1.43893544e-03,3.25035341e-02,3.25035341e-02,1.56777613e-02
307,8.71425230e-04,1.39237707e-03,4.90007773e-02,4.90007773e-02,1.68883465e-02
308,9.08285254e-04,1.39250008e-03,6.20847121e-02,6.20847121e-02,1.55359609e-02
309,7.46351451e-04,1.56326282e-03,5.04607074e-02,5.04607074e-02,1.76536404e-02
310,7.68321595e-04,1.61270996e-03,5.46275154e-02,5.46275154e-02,2.03783680e-02
311,8.15538485e-04,1.40834544e-03,4.02724482e-02,4.02724482e-02,1.68397240e-02
312,8.42928158e-04,1.52623060e-03,5.37370034e-02,5.37370034e-02,1.80910602e-02
313,8.99429329e-04,1.55969187e-03,3.69746387e-02,3.69746387e-02,1.78307220e-02
314,9.23468223e-04,1.55150942e-03,2.61027962e-02,2.61027962e-02,1.24678323e-02
315,8.75677247e-04,1.63070372e-03,6.55203536e-02,6.55203536e-02,1.98033974e-02
316,9.09533554e-04,1.39828537e-03,4.69644479e-02,4.69644479e-02,1.90374684e-02
317,8.71934536e-04,1.60216452e-03,5.10895550e-02,5.10895550e-02,1.96375903e-02
318,7.45236363e-04,1.36913135e-03,5.19018881e-02,5.19018881e-02,1.57350227e-02
319,7.30615487e-04,1.44917408e-03,6.65620938e-02,6.65620938e-02,2.01248713e-02
320,7.27336085e-04,1.44880900e-03,4.32726331e-02,4.32726331e-02,1.68281663e-02
321,7.46159056e-04,1.36777622e-03,3.45466956e-02,3.45466956e-02,1.48274107e-02
322,7.23511623e-04,1.41265790e-03,3.52573395e-02,3.52573395e-02,1.78519581e-02
323,8.13768970e-04,1.29265493e-03,4.81359661e-02,4.81359661e-02,1.34913493e-02
324,7.01559768e-04,1.53653621e-03,4.74485978e-02,4.74485978e-02,2.27585863e-02
325,8.17642902e-04,1.30275258e-03,6.00559637e-02,6.00559637e-02,1.62421223e-02
326,7.40490955e-04,1.37714061e-03,5.11623137e-02,5.11623137e-02,1.65690146e-02
327,7.16089422e-04,1.28724274e-03,3.64726111e-02,3.64726111e-02,1.49572045e-02
328,6.94571243e-04,1.36597310e-03,5.99162579e-02,5.99162579e-02,1.95283070e-02
329,6.81846915e-04,1.31515463e-03,3.36531587e-02,3.36531587e-02,1.23524973e-02
330,6.51360655e-04,1.35426372e-03,5.60944602e-02,5.60944602e-02,1.98964942e-02
331,6.47843980e-04,1.30581270e-03,5.18715680e-02,5.18715680e-02,1.35045554e-02
332,6.35564182e-04,1.32776999e-03,3.63919474e-02,3.63919474e-02,1.47501770e-02
333,6.62206179e-04,1.30586502e-03,2.79018693e-02,2.79018693e-02,1.39665036e-02
334,6.27908579e-04,1.33107842e-03,8.61173496e-02,8.61173496e-02,1.85486525e-02
335,6.16196196e-04,1.27675904e-03,4.21529934e-02,4.21529934e-02,1.45884827e-02
336,6.08064385e-04,1.27564482e-03,5.58793731e-02,5.58793731e-02,1.73864514e-02
337,6.06134423e-04,1.30885376e-03,2.49372423e-02,2.49372423e-02,1.37340408e-02
338,6.04192737e-04,1.27776336e-03,5.33505380e-02,5.33505380e-02,1.69735067e-02
339,6.08817447e-04,1.23210487e-03,4.50865999e-02,4.50865999e-02,1.44724827e-02
340,5.78922635e-04,1.28099027e-03,4.13898155e-02,4.13898155e-02,1.63391382e-02
341,5.75723129e-04,1.22925903e-03,2.94631068e-02,2.94631068e-02,1.24542397e-02
342,5.73508382e-04,1.25200333e-03,3.22270505e-02,3.22270505e-02,1.51681546e-02
343,5.82979767e-04,1.24327578e-03,2.41924915e-02,2.41924915e-02,1.25266612e-02
344,5.60896846e-04,1.21967776e-03,3.60111371e-02,3.60111371e-02,1.51451528e-02
345,5.57530772e-04,1.23642601e-03,5.22296354e-02,5.22296354e-02,1.54958991e-02
346,5.53267834e-04,1.21389225e-03,4.78538200e-02,4.78538200e-02,1.39761269e-02
347,5.46758739e-04,1.19555414e-03,4.85631451e-02,4.85631451e-02,1.69390235e-02
348,5.39462249e-04,1.21022594e-03,3.94461378e-02,3.94461378e-02,1.65638458e-02
349,5.37909815e-04,1.20285489e-03,5.46538159e-02,5.46538159e-02,1.68634169e-02
350,5.35398889e-04,1.20272812e-03,4.12100703e-02,4.12100703e-02,1.42848017e-02
351,5.30941482e-04,1.19514352e-03,3.00606247e-02,3.00606247e-02,1.40009616e-02
352,5.28101062e-04,1.19856835e-03,4.07275148e-02,4.07275148e-02,1.61790513e-02
353,5.26391327e-04,1.20242564e-03,2.58992072e-02,2.58992072e-02,1.21749993e-02
354,5.23474944e-04,1.19555534e-03,4.30669226e-02,4.30669226e-02,1.47482697e-02
355,5.21219687e-04,1.19323220e-03,4.03050855e-02,4.03050855e-02,1.63495056e-02
356,5.19760459e-04,1.18139097e-03,5.69302514e-02,5.69302514e-02,1.78890098e-02
357,5.18537349e-04,1.19924327e-03,4.52149995e-02,4.52149995e-02,1.59367882e-02
358,5.16678474e-04,1.19083851e-03,6.23065121e-02,6.23065121e-02,1.57373995e-02
359,5.15812641e-04,1.19861913e-03,4.43514474e-02,4.43514474e-02,1.32805314e-02
360,5.15994232e-04,1.18452233e-03,4.70404662e-02,4.70404662e-02,1.77228432e-02
