
==========================================================================================
RUN_START 2026-08-04 00:08:24  r=9  device=cpu
LR=0.001  BATCH_SIZE=256
LAMBDA_ROLLOUT=0.0018  N_ROLLOUT_SIMS_PER_EPOCH=80
WARMUP_EPOCHS=40  V_CAPS=[200000, 300000, 400000, 500000, 600000, 700000]  VOL_STAGE_EPOCHS_LIST=[40, 40, 40, 40, 40, 60]
FRAC_NEW_BY_STAGE=[0.5, 0.45, 0.4, 0.35, 0.35, 0.3]
Ag-relative: LAMBDA_OVERPRED_AG=0.082  AG_REL_FLOOR_CM2=10.0
(rollout fn still uses AG_TOL_CM2=0.5 / AG_OVER_CAP_CM2=100.0 but train loop ignores hinge)
SIM_LOSS_CAP=0.033  (cap applies to rollout+Ag together)
==========================================================================================
epoch,train_loss,val_loss,best_val,roll_report_avg,Vstage,Vcap,frac_new,g1_mean,g_roll_unscaled,g_roll_scaled,ratio_scaledroll_to_g1mean
1,3.92348171e-02,2.20287902e-02,inf,0.00000000e+00,0,,,8.76678133e-02,nan,nan,nan
2,2.48919726e-02,1.62268876e-02,inf,0.00000000e+00,0,,,7.41124217e-02,nan,nan,nan
3,1.93039560e-02,1.20878654e-02,inf,0.00000000e+00,0,,,7.92383786e-02,nan,nan,nan
4,1.61796911e-02,1.12116703e-02,inf,0.00000000e+00,0,,,9.42702973e-02,nan,nan,nan
5,1.27679925e-02,8.69687928e-03,inf,0.00000000e+00,0,,,7.39824392e-02,nan,nan,nan
6,1.13781500e-02,7.91149397e-03,inf,0.00000000e+00,0,,,8.11109084e-02,nan,nan,nan
7,1.08031063e-02,7.37406222e-03,inf,0.00000000e+00,0,,,8.36241151e-02,nan,nan,nan
8,9.16375117e-03,6.93625761e-03,inf,0.00000000e+00,0,,,6.74085187e-02,nan,nan,nan
9,8.87837286e-03,6.64515660e-03,inf,0.00000000e+00,0,,,7.34794911e-02,nan,nan,nan
10,8.15969581e-03,6.00140977e-03,inf,0.00000000e+00,0,,,6.89348567e-02,nan,nan,nan
11,8.07537605e-03,5.86648736e-03,inf,0.00000000e+00,0,,,7.61555451e-02,nan,nan,nan
12,7.65052724e-03,5.85839211e-03,inf,0.00000000e+00,0,,,7.30291606e-02,nan,nan,nan
13,7.23966762e-03,5.63802907e-03,inf,0.00000000e+00,0,,,6.99576443e-02,nan,nan,nan
14,7.74813973e-03,7.25523735e-03,inf,0.00000000e+00,0,,,8.44067891e-02,nan,nan,nan
15,7.21424674e-03,5.21981058e-03,inf,0.00000000e+00,0,,,7.08354557e-02,nan,nan,nan
16,6.67643550e-03,5.35270015e-03,inf,0.00000000e+00,0,,,7.05020333e-02,nan,nan,nan
17,6.49761908e-03,5.01562251e-03,inf,0.00000000e+00,0,,,6.87271177e-02,nan,nan,nan
18,6.12543947e-03,8.61961655e-03,inf,0.00000000e+00,0,,,6.67796260e-02,nan,nan,nan
19,6.18004974e-03,5.48497350e-03,inf,0.00000000e+00,0,,,6.92785676e-02,nan,nan,nan
20,5.81747021e-03,5.09588181e-03,inf,0.00000000e+00,0,,,6.75959267e-02,nan,nan,nan
21,6.57545815e-03,5.16639409e-03,inf,0.00000000e+00,0,,,9.08258227e-02,nan,nan,nan
22,5.87788729e-03,4.68774236e-03,inf,0.00000000e+00,0,,,6.98600926e-02,nan,nan,nan
23,5.42112676e-03,4.44918050e-03,inf,0.00000000e+00,0,,,6.45941003e-02,nan,nan,nan
24,5.83380404e-03,4.47409823e-03,inf,0.00000000e+00,0,,,7.58779743e-02,nan,nan,nan
25,5.38946658e-03,4.86404063e-03,inf,0.00000000e+00,0,,,6.98681147e-02,nan,nan,nan
26,5.10877347e-03,4.43013501e-03,inf,0.00000000e+00,0,,,6.60844571e-02,nan,nan,nan
27,5.18291408e-03,5.71220993e-03,inf,0.00000000e+00,0,,,7.36415769e-02,nan,nan,nan
28,5.45824130e-03,4.79330037e-03,inf,0.00000000e+00,0,,,7.89264676e-02,nan,nan,nan
29,5.72256870e-03,4.07674662e-03,inf,0.00000000e+00,0,,,8.32196601e-02,nan,nan,nan
30,4.70754536e-03,3.97526606e-03,inf,0.00000000e+00,0,,,6.54803934e-02,nan,nan,nan
31,5.03616260e-03,4.02755331e-03,inf,0.00000000e+00,0,,,7.64389267e-02,nan,nan,nan
32,4.73811865e-03,5.66561383e-03,inf,0.00000000e+00,0,,,7.35667548e-02,nan,nan,nan
33,4.75271873e-03,3.80689233e-03,inf,0.00000000e+00,0,,,7.35092387e-02,nan,nan,nan
34,4.74736059e-03,4.10337053e-03,inf,0.00000000e+00,0,,,7.37235286e-02,nan,nan,nan
35,4.46294902e-03,5.32362524e-03,inf,0.00000000e+00,0,,,7.09354299e-02,nan,nan,nan
36,4.52717980e-03,4.11730625e-03,inf,0.00000000e+00,0,,,7.34583452e-02,nan,nan,nan
37,4.42023177e-03,4.63622418e-03,inf,0.00000000e+00,0,,,7.33149625e-02,nan,nan,nan
38,4.52714290e-03,3.71473373e-03,inf,0.00000000e+00,0,,,7.46854447e-02,nan,nan,nan
39,4.61218148e-03,3.66787588e-03,inf,0.00000000e+00,0,,,8.27453939e-02,nan,nan,nan
40,4.01408801e-03,3.53213514e-03,inf,0.00000000e+00,0,,,6.55701958e-02,nan,nan,nan
41,3.85641413e-03,3.69639201e-03,inf,6.32142508e-03,1,200000.000000,0.500000,6.24456699e-02,nan,nan,nan
42,3.79864170e-03,3.69260070e-03,inf,4.66550142e-03,1,200000.000000,0.500000,6.54770841e-02,nan,nan,nan
43,3.91977697e-03,4.78965280e-03,inf,9.09203012e-03,1,200000.000000,0.500000,6.96329788e-02,nan,nan,nan
44,4.05802221e-03,3.75642093e-03,inf,7.44758174e-03,1,200000.000000,0.500000,7.10281138e-02,2.96680034e+00,5.34024021e-03,7.51848800e-02
45,3.76868385e-03,3.58811621e-03,inf,5.64511865e-03,1,200000.000000,0.500000,6.79662751e-02,nan,nan,nan
46,4.09185546e-03,3.51785209e-03,inf,6.70956960e-03,1,200000.000000,0.500000,7.96364768e-02,nan,nan,nan
47,3.77599494e-03,3.41600455e-03,inf,8.28363560e-03,1,200000.000000,0.500000,7.36133453e-02,nan,nan,nan
48,3.94134196e-03,3.46585912e-03,inf,1.10760806e-02,1,200000.000000,0.500000,7.55504711e-02,5.84071542e+00,1.05132861e-02,1.39155798e-01
49,3.49436046e-03,4.12289284e-03,inf,1.37621183e-02,1,200000.000000,0.500000,6.67754670e-02,nan,nan,nan
50,3.55664733e-03,4.51077302e-03,inf,1.18019646e-02,1,200000.000000,0.500000,6.82467014e-02,nan,nan,nan
51,4.50996447e-03,3.54783961e-03,inf,6.96383277e-03,1,200000.000000,0.500000,9.13756190e-02,nan,nan,nan
52,3.54041815e-03,9.64351708e-03,inf,4.66043502e-02,1,200000.000000,0.500000,6.85344811e-02,5.83227982e+00,1.04981045e-02,1.53179894e-01
53,5.00933114e-03,3.67987498e-03,inf,6.89076399e-03,1,200000.000000,0.500000,9.38263031e-02,nan,nan,nan
54,3.53797724e-03,3.57506043e-03,inf,1.08565036e-02,1,200000.000000,0.500000,6.94003253e-02,nan,nan,nan
55,3.51337214e-03,3.67690192e-03,inf,1.45166460e-02,1,200000.000000,0.500000,6.97341300e-02,nan,nan,nan
56,3.55508069e-03,3.29817112e-03,inf,6.65183738e-03,1,200000.000000,0.500000,7.14858244e-02,2.99653832e+00,5.39376901e-03,7.54522880e-02
57,3.64189507e-03,3.18459866e-03,inf,4.65708878e-03,1,200000.000000,0.500000,6.95697517e-02,nan,nan,nan
58,3.09385866e-03,3.51778466e-03,inf,1.25793163e-02,1,200000.000000,0.500000,6.05462090e-02,nan,nan,nan
59,3.03013891e-03,3.41263655e-03,inf,7.80033087e-03,1,200000.000000,0.500000,6.20173969e-02,nan,nan,nan
60,3.05793876e-03,3.31260826e-03,inf,6.17280696e-03,1,200000.000000,0.500000,6.47760366e-02,2.43970987e+00,4.39147804e-03,6.77947937e-02
61,3.19944716e-03,3.27303675e-03,inf,6.73926156e-03,1,200000.000000,0.500000,6.93574297e-02,nan,nan,nan
62,3.00080654e-03,3.20699178e-03,inf,3.79017973e-03,1,200000.000000,0.500000,6.40134942e-02,nan,nan,nan
63,3.31553916e-03,4.88685261e-03,inf,1.73772071e-02,1,200000.000000,0.500000,6.89336954e-02,nan,nan,nan
64,3.28486048e-03,2.93681589e-03,inf,4.86266147e-03,1,200000.000000,0.500000,7.32263071e-02,3.36302580e+00,6.05344735e-03,8.26676586e-02
65,3.73867652e-03,3.57861068e-03,inf,1.21892681e-02,1,200000.000000,0.500000,8.52368612e-02,nan,nan,nan
66,3.59551758e-03,3.00575491e-03,inf,4.32701781e-03,1,200000.000000,0.500000,7.54630665e-02,nan,nan,nan
67,2.86839456e-03,2.93876646e-03,inf,4.76752454e-03,1,200000.000000,0.500000,5.95865717e-02,nan,nan,nan
68,2.73739852e-03,3.12227915e-03,inf,5.75265568e-03,1,200000.000000,0.500000,6.01917084e-02,5.31785857e+00,9.57214526e-03,1.59027639e-01
69,2.91401362e-03,3.05975648e-03,inf,4.61199041e-03,1,200000.000000,0.500000,6.88622605e-02,nan,nan,nan
70,2.74518070e-03,2.94545951e-03,inf,4.19358676e-03,1,200000.000000,0.500000,6.13914163e-02,nan,nan,nan
71,2.64359331e-03,3.29903343e-03,inf,1.81416012e-02,1,200000.000000,0.500000,6.19126192e-02,nan,nan,nan
72,3.03200915e-03,2.86479459e-03,inf,5.88020682e-03,1,200000.000000,0.500000,7.31641555e-02,4.69028190e+00,8.44250774e-03,1.15391310e-01
73,3.66835113e-03,3.02338231e-03,inf,1.44365821e-02,1,200000.000000,0.500000,8.49941624e-02,nan,nan,nan
74,2.85161841e-03,3.20704651e-03,inf,4.77168802e-03,1,200000.000000,0.500000,6.53912823e-02,nan,nan,nan
75,3.11381563e-03,3.86324787e-03,inf,8.32119957e-03,1,200000.000000,0.500000,7.57961227e-02,nan,nan,nan
76,2.92805073e-03,3.09639186e-03,inf,5.74717112e-03,1,200000.000000,0.500000,6.85640556e-02,2.71245376e+00,4.88241643e-03,7.12095630e-02
77,2.75500022e-03,2.95006490e-03,inf,4.69390582e-03,1,200000.000000,0.500000,6.93201876e-02,nan,nan,nan
78,2.46153214e-03,2.86421850e-03,inf,8.69830512e-03,1,200000.000000,0.500000,5.55760138e-02,nan,nan,nan
79,2.62027482e-03,2.78157947e-03,inf,3.80885601e-03,1,200000.000000,0.500000,6.29014594e-02,nan,nan,nan
80,2.94152460e-03,3.25509368e-03,inf,2.01082155e-02,1,200000.000000,0.500000,7.57522991e-02,1.10336385e+01,1.98605466e-02,2.62177477e-01
81,2.81616342e-03,4.28261817e-03,inf,1.38669433e-02,2,300000.000000,0.450000,7.15581682e-02,nan,nan,nan
82,3.13501813e-03,3.16181059e-03,inf,9.44830570e-03,2,300000.000000,0.450000,7.49104116e-02,nan,nan,nan
83,2.74450752e-03,4.35536260e-03,inf,2.42321752e-02,2,300000.000000,0.450000,7.24428547e-02,nan,nan,nan
84,2.98848435e-03,3.13946083e-03,inf,6.18340541e-03,2,300000.000000,0.450000,7.97152961e-02,5.25772246e+00,9.46390178e-03,1.18721277e-01
85,2.56903197e-03,3.10850955e-03,inf,4.97148326e-03,2,300000.000000,0.450000,6.16450079e-02,nan,nan,nan
86,2.88773288e-03,2.68619907e-03,inf,1.15875788e-02,2,300000.000000,0.450000,7.22046881e-02,nan,nan,nan
87,2.54570758e-03,3.32933790e-03,inf,1.03245676e-02,2,300000.000000,0.450000,6.54456467e-02,nan,nan,nan
88,2.51448344e-03,2.93033824e-03,inf,1.22659821e-02,2,300000.000000,0.450000,5.99178692e-02,1.05919470e+01,1.90655040e-02,3.18193958e-01
89,3.03068763e-03,2.66770106e-03,inf,1.14770299e-02,2,300000.000000,0.450000,7.40264543e-02,nan,nan,nan
90,2.39717158e-03,3.30374344e-03,inf,1.28465295e-02,2,300000.000000,0.450000,5.67824048e-02,nan,nan,nan
91,2.24508453e-03,3.06426662e-03,inf,5.36776194e-03,2,300000.000000,0.450000,5.79880315e-02,nan,nan,nan
92,2.32546403e-03,3.14102987e-03,inf,4.55811666e-03,2,300000.000000,0.450000,6.17812648e-02,3.69501751e+00,6.65103162e-03,1.07654507e-01
93,2.68515348e-03,3.32330961e-03,inf,2.00515278e-02,2,300000.000000,0.450000,7.78332235e-02,nan,nan,nan
94,2.91135843e-03,2.71275881e-03,inf,1.00938305e-02,2,300000.000000,0.450000,7.92637609e-02,nan,nan,nan
95,2.58497374e-03,3.21663903e-03,inf,9.57346987e-03,2,300000.000000,0.450000,6.97209685e-02,nan,nan,nan
96,2.51127927e-03,3.65218217e-03,inf,1.45577956e-02,2,300000.000000,0.450000,6.51858962e-02,5.24546244e+00,9.44183156e-03,1.44844700e-01
97,2.36925123e-03,3.17964374e-03,inf,5.07667754e-03,2,300000.000000,0.450000,6.54295046e-02,nan,nan,nan
98,2.87732290e-03,2.94431414e-03,inf,6.67896774e-03,2,300000.000000,0.450000,7.64088807e-02,nan,nan,nan
99,2.20187275e-03,2.56837938e-03,inf,7.88116455e-03,2,300000.000000,0.450000,5.92761709e-02,nan,nan,nan
100,2.19910905e-03,2.53168850e-03,inf,4.96975379e-03,2,300000.000000,0.450000,6.21835166e-02,3.06097458e+00,5.50975442e-03,8.86047415e-02
101,2.49888021e-03,2.68927297e-03,inf,4.22607874e-03,2,300000.000000,0.450000,6.81843597e-02,nan,nan,nan
102,2.09927298e-03,2.85013366e-03,inf,6.44887146e-03,2,300000.000000,0.450000,5.75994875e-02,nan,nan,nan
103,2.49210394e-03,2.97269008e-03,inf,8.55627935e-03,2,300000.000000,0.450000,7.01040304e-02,nan,nan,nan
104,2.27892267e-03,2.49974171e-03,inf,6.75467681e-03,2,300000.000000,0.450000,6.27872473e-02,5.13862543e+00,9.24952524e-03,1.47315349e-01
105,2.46578970e-03,2.43239555e-03,inf,4.43226937e-03,2,300000.000000,0.450000,6.91995138e-02,nan,nan,nan
106,2.00791455e-03,2.83732809e-03,inf,6.30388688e-03,2,300000.000000,0.450000,5.45641461e-02,nan,nan,nan
107,2.03204283e-03,2.37297291e-03,inf,3.53342667e-03,2,300000.000000,0.450000,6.05277256e-02,nan,nan,nan
108,2.24871230e-03,2.40411032e-03,inf,5.39750606e-03,2,300000.000000,0.450000,6.22471613e-02,2.90588042e+00,5.23058470e-03,8.40292889e-02
109,2.25912267e-03,2.42926230e-03,inf,1.11319106e-02,2,300000.000000,0.450000,6.29743948e-02,nan,nan,nan
110,2.49229434e-03,3.04775687e-03,inf,1.33796809e-02,2,300000.000000,0.450000,6.85251577e-02,nan,nan,nan
111,2.62758708e-03,2.60915610e-03,inf,5.37333684e-03,2,300000.000000,0.450000,7.59424322e-02,nan,nan,nan
112,2.42402314e-03,2.88012031e-03,inf,5.16982237e-03,2,300000.000000,0.450000,7.71487372e-02,4.03164673e+00,7.25696437e-03,9.40645905e-02
113,1.98492511e-03,2.43277041e-03,inf,3.28797800e-03,2,300000.000000,0.450000,5.90551529e-02,nan,nan,nan
114,2.08540292e-03,2.36918304e-03,inf,5.53281326e-03,2,300000.000000,0.450000,5.99544199e-02,nan,nan,nan
115,2.04868022e-03,2.50962483e-03,inf,5.81824314e-03,2,300000.000000,0.450000,5.86314298e-02,nan,nan,nan
116,2.31649705e-03,2.48706008e-03,inf,5.46739530e-03,2,300000.000000,0.450000,7.05208320e-02,2.94933189e+00,5.30879701e-03,7.52798408e-02
117,1.93108234e-03,2.70434197e-03,inf,7.19324406e-03,2,300000.000000,0.450000,5.68220278e-02,nan,nan,nan
118,2.11444879e-03,2.54095471e-03,inf,1.04538444e-02,2,300000.000000,0.450000,6.29741232e-02,nan,nan,nan
119,1.96403789e-03,2.42088086e-03,inf,4.23511537e-03,2,300000.000000,0.450000,6.18401092e-02,nan,nan,nan
120,2.25943593e-03,2.46710270e-03,inf,5.35056461e-03,2,300000.000000,0.450000,7.02176923e-02,2.44277234e+00,4.39698976e-03,6.26194000e-02
121,2.16181217e-03,2.50863921e-03,inf,9.32681002e-03,3,400000.000000,0.400000,6.43212869e-02,nan,nan,nan
122,2.02790970e-03,2.40711372e-03,inf,8.02434515e-03,3,400000.000000,0.400000,6.67386138e-02,nan,nan,nan
123,2.13320586e-03,2.23582947e-03,inf,1.20251011e-02,3,400000.000000,0.400000,6.43180776e-02,nan,nan,nan
124,2.57713807e-03,2.21139867e-03,inf,1.00581339e-02,3,400000.000000,0.400000,7.43839624e-02,9.61606516e+00,1.73089200e-02,2.32696934e-01
125,2.03828010e-03,2.30653078e-03,inf,1.46463765e-02,3,400000.000000,0.400000,6.20010379e-02,nan,nan,nan
126,1.93397700e-03,2.86015844e-03,inf,8.01793393e-03,3,400000.000000,0.400000,6.12178872e-02,nan,nan,nan
127,1.78588122e-03,2.30381055e-03,inf,6.55515352e-03,3,400000.000000,0.400000,5.65586303e-02,nan,nan,nan
128,2.26688347e-03,2.47208063e-03,inf,4.47530672e-03,3,400000.000000,0.400000,7.05371687e-02,1.90000500e+00,3.42000928e-03,4.84852078e-02
129,2.06402671e-03,2.38654657e-03,inf,8.10735859e-03,3,400000.000000,0.400000,6.22013470e-02,nan,nan,nan
130,1.96198788e-03,2.18306189e-03,inf,4.69262665e-03,3,400000.000000,0.400000,6.44471533e-02,nan,nan,nan
131,1.91196368e-03,2.43582196e-03,inf,5.71516110e-03,3,400000.000000,0.400000,5.93371578e-02,nan,nan,nan
132,2.21439631e-03,2.59675457e-03,inf,9.93256830e-03,3,400000.000000,0.400000,6.87445481e-02,2.29280786e+01,4.12705454e-02,6.00346450e-01
133,1.83498815e-03,2.47507187e-03,inf,4.23347298e-03,3,400000.000000,0.400000,5.66274129e-02,nan,nan,nan
134,2.08778785e-03,2.23731998e-03,inf,8.02623015e-03,3,400000.000000,0.400000,6.62299066e-02,nan,nan,nan
135,1.90481434e-03,2.56189689e-03,inf,2.01759115e-02,3,400000.000000,0.400000,5.99040691e-02,nan,nan,nan
136,1.99082242e-03,2.84397295e-03,inf,5.10062277e-03,3,400000.000000,0.400000,5.89586876e-02,2.81498830e+00,5.06697848e-03,8.59411682e-02
137,1.93879659e-03,2.32729026e-03,inf,7.78880855e-03,3,400000.000000,0.400000,6.25941400e-02,nan,nan,nan
138,1.69427634e-03,2.44200183e-03,inf,6.30795816e-03,3,400000.000000,0.400000,5.73013853e-02,nan,nan,nan
139,1.87946697e-03,2.70561364e-03,inf,1.00914398e-02,3,400000.000000,0.400000,6.60496125e-02,nan,nan,nan
140,1.75356111e-03,2.45542118e-03,inf,9.80496407e-03,3,400000.000000,0.400000,6.00381516e-02,5.83663640e+00,1.05059464e-02,1.74987839e-01
141,2.25882357e-03,3.58631320e-03,inf,4.80036810e-02,3,400000.000000,0.400000,7.56886044e-02,nan,nan,nan
142,2.18630365e-03,2.50521225e-03,inf,5.28038014e-03,3,400000.000000,0.400000,6.94952118e-02,nan,nan,nan
143,2.24320182e-03,2.32918506e-03,inf,4.17697523e-03,3,400000.000000,0.400000,6.54028836e-02,nan,nan,nan
144,1.88693199e-03,2.23254009e-03,inf,3.16781551e-03,3,400000.000000,0.400000,6.10770012e-02,2.34137287e+00,4.21447152e-03,6.90025940e-02
145,1.80419942e-03,2.29824800e-03,inf,4.33933828e-03,3,400000.000000,0.400000,6.28978987e-02,nan,nan,nan
146,1.66706560e-03,2.59596796e-03,inf,1.06046461e-02,3,400000.000000,0.400000,5.68984429e-02,nan,nan,nan
147,1.75547625e-03,2.26730671e-03,inf,7.33178202e-03,3,400000.000000,0.400000,6.10061375e-02,nan,nan,nan
148,1.83612719e-03,3.24928046e-03,inf,1.18545592e-02,3,400000.000000,0.400000,6.13028434e-02,6.73925198e+00,1.21306525e-02,1.97880749e-01
149,1.88109900e-03,2.15597458e-03,inf,4.17950563e-03,3,400000.000000,0.400000,6.10573718e-02,nan,nan,nan
150,2.11254895e-03,2.63316569e-03,inf,7.11404998e-03,3,400000.000000,0.400000,6.91387930e-02,nan,nan,nan
151,1.74165733e-03,2.77097663e-03,inf,5.96899074e-03,3,400000.000000,0.400000,5.83830444e-02,nan,nan,nan
152,1.73670315e-03,2.20312135e-03,inf,4.17756615e-03,3,400000.000000,0.400000,5.62293926e-02,3.17330377e+00,5.71194680e-03,1.01582936e-01
153,1.64046069e-03,2.25213381e-03,inf,5.56940213e-03,3,400000.000000,0.400000,5.58437988e-02,nan,nan,nan
154,1.59445922e-03,2.24005003e-03,inf,6.13766909e-03,3,400000.000000,0.400000,5.60008370e-02,nan,nan,nan
155,1.65138218e-03,2.31707058e-03,inf,4.89051687e-03,3,400000.000000,0.400000,5.89239144e-02,nan,nan,nan
156,1.76946020e-03,3.43191906e-03,inf,7.54502136e-03,3,400000.000000,0.400000,6.09709517e-02,5.51991835e+00,9.93585306e-03,1.62960439e-01
157,2.16517299e-03,2.52903942e-03,inf,8.62474181e-03,3,400000.000000,0.400000,7.38869081e-02,nan,nan,nan
158,1.79379531e-03,2.12942426e-03,inf,6.72984868e-03,3,400000.000000,0.400000,6.47053050e-02,nan,nan,nan
159,2.00096325e-03,2.17468868e-03,inf,9.21161287e-03,3,400000.000000,0.400000,6.51014061e-02,nan,nan,nan
160,1.58080549e-03,2.27809992e-03,inf,1.50831621e-02,3,400000.000000,0.400000,5.61944877e-02,9.95164942e+00,1.79129696e-02,3.18767379e-01
161,1.67267685e-03,2.18330711e-03,inf,9.17495973e-03,4,500000.000000,0.350000,5.78781093e-02,nan,nan,nan
162,1.67247984e-03,2.73676729e-03,inf,1.19884526e-02,4,500000.000000,0.350000,6.36699257e-02,nan,nan,nan
163,1.52740639e-03,2.12135076e-03,inf,4.93040867e-03,4,500000.000000,0.350000,5.14029072e-02,nan,nan,nan
164,1.65351029e-03,2.37934952e-03,inf,1.86775848e-02,4,500000.000000,0.350000,6.00088560e-02,1.54252944e+01,2.77655298e-02,4.62690537e-01
165,1.59382317e-03,2.49695758e-03,inf,6.65953150e-03,4,500000.000000,0.350000,5.80049590e-02,nan,nan,nan
166,1.71826406e-03,2.65294209e-03,inf,1.33328931e-02,4,500000.000000,0.350000,6.74583839e-02,nan,nan,nan
167,2.51797489e-03,2.27054265e-03,inf,2.54214741e-02,4,500000.000000,0.350000,8.80127915e-02,nan,nan,nan
168,2.37811072e-03,2.05856842e-03,inf,7.07465271e-03,4,500000.000000,0.350000,7.98864071e-02,6.73846440e+00,1.21292356e-02,1.51831031e-01
169,1.72650158e-03,2.71216057e-03,inf,5.34703629e-03,4,500000.000000,0.350000,6.16188635e-02,nan,nan,nan
170,1.59190338e-03,3.32017977e-03,inf,1.21908216e-02,4,500000.000000,0.350000,5.57006014e-02,nan,nan,nan
171,2.22472103e-03,1.97501828e-03,inf,8.08739476e-03,4,500000.000000,0.350000,7.87819020e-02,nan,nan,nan
172,1.54941243e-03,8.16441372e-03,inf,6.15814105e-02,4,500000.000000,0.350000,4.93801762e-02,1.20935330e+01,2.17683580e-02,4.40831923e-01
173,2.33237398e-03,1.97689860e-03,inf,6.66775787e-03,4,500000.000000,0.350000,7.27098647e-02,nan,nan,nan
174,1.51522531e-03,2.13216041e-03,inf,4.34870087e-03,4,500000.000000,0.350000,5.04382954e-02,nan,nan,nan
175,1.68882365e-03,2.13197399e-03,inf,5.57449693e-03,4,500000.000000,0.350000,5.98302988e-02,nan,nan,nan
176,1.53920507e-03,2.06344346e-03,inf,5.07515250e-03,4,500000.000000,0.350000,5.68091192e-02,5.22011661e+00,9.39621021e-03,1.65399681e-01
177,1.54764060e-03,2.13166126e-03,inf,6.30944828e-03,4,500000.000000,0.350000,5.46472093e-02,nan,nan,nan
178,1.60874341e-03,2.02923374e-03,inf,1.26484679e-02,4,500000.000000,0.350000,5.76527386e-02,nan,nan,nan
179,1.40825981e-03,3.84797506e-03,inf,8.40951130e-03,4,500000.000000,0.350000,5.18143654e-02,nan,nan,nan
180,1.99614992e-03,2.09161357e-03,inf,3.76489339e-03,4,500000.000000,0.350000,7.33712515e-02,3.05668579e+00,5.50203391e-03,7.49889609e-02
181,1.80434765e-03,2.33944515e-03,inf,1.23361656e-02,4,500000.000000,0.350000,6.80529101e-02,nan,nan,nan
182,1.56195354e-03,2.11792560e-03,inf,4.75678965e-03,4,500000.000000,0.350000,6.07858672e-02,nan,nan,nan
183,1.52077074e-03,2.33075691e-03,inf,1.21807167e-02,4,500000.000000,0.350000,5.42709998e-02,nan,nan,nan
184,1.90401113e-03,1.94399046e-03,inf,4.05527838e-03,4,500000.000000,0.350000,6.61579773e-02,5.53979303e+00,9.97162922e-03,1.50724518e-01
185,1.68395240e-03,1.99831025e-03,inf,5.12463879e-03,4,500000.000000,0.350000,6.63586662e-02,nan,nan,nan
186,1.43829785e-03,2.29184355e-03,inf,8.72636773e-03,4,500000.000000,0.350000,5.35044388e-02,nan,nan,nan
187,1.53776319e-03,2.43817524e-03,inf,1.46086887e-02,4,500000.000000,0.350000,5.85020001e-02,nan,nan,nan
188,1.61911165e-03,2.27394350e-03,inf,8.83083697e-03,4,500000.000000,0.350000,6.02739447e-02,7.16231769e+00,1.28921725e-02,2.13892961e-01
189,1.51232192e-03,2.25100261e-03,inf,6.45522028e-03,4,500000.000000,0.350000,6.04637893e-02,nan,nan,nan
190,1.57246733e-03,2.01931615e-03,inf,1.02241309e-02,4,500000.000000,0.350000,5.87229349e-02,nan,nan,nan
191,1.71812905e-03,2.05787049e-03,inf,6.38193637e-03,4,500000.000000,0.350000,6.92345378e-02,nan,nan,nan
192,1.35271173e-03,2.35125515e-03,inf,1.12756938e-02,4,500000.000000,0.350000,5.04728780e-02,5.83356076e+00,1.05004100e-02,2.08040643e-01
193,1.41049154e-03,2.22659850e-03,inf,1.16869230e-02,4,500000.000000,0.350000,5.26890340e-02,nan,nan,nan
194,2.04195093e-03,2.10193899e-03,inf,5.93151757e-03,4,500000.000000,0.350000,7.66643601e-02,nan,nan,nan
195,1.68077044e-03,2.10206993e-03,inf,4.27993061e-03,4,500000.000000,0.350000,6.77524724e-02,nan,nan,nan
196,1.63704171e-03,1.90513190e-03,inf,4.38680081e-03,4,500000.000000,0.350000,6.60020818e-02,4.26539188e+00,7.67770698e-03,1.16325224e-01
197,1.39398969e-03,1.95927960e-03,inf,5.49481343e-03,4,500000.000000,0.350000,5.15658942e-02,nan,nan,nan
198,1.51227972e-03,2.50540158e-03,inf,6.58851210e-03,4,500000.000000,0.350000,5.74750466e-02,nan,nan,nan
199,1.36076575e-03,2.05669644e-03,inf,8.90939403e-03,4,500000.000000,0.350000,5.05612654e-02,nan,nan,nan
200,1.70761962e-03,2.13642525e-03,inf,5.95113728e-03,4,500000.000000,0.350000,6.51217618e-02,2.32268171e+00,4.18082721e-03,6.42001552e-02
201,1.65974056e-03,2.03745764e-03,inf,9.13442113e-03,5,600000.000000,0.350000,6.41798236e-02,nan,nan,nan
202,1.51525930e-03,2.03434717e-03,inf,6.61402661e-03,5,600000.000000,0.350000,5.74367830e-02,nan,nan,nan
203,1.43560693e-03,1.89784034e-03,inf,6.30919170e-03,5,600000.000000,0.350000,6.09437279e-02,nan,nan,nan
204,1.31683819e-03,1.93426736e-03,inf,6.79356977e-03,5,600000.000000,0.350000,5.14378915e-02,9.99681915e+00,1.79942761e-02,3.49825305e-01
205,1.33928975e-03,3.10105475e-03,inf,1.58844665e-02,5,600000.000000,0.350000,4.95057125e-02,nan,nan,nan
206,2.32930543e-03,2.17255652e-03,inf,1.36342049e-02,5,600000.000000,0.350000,8.21898789e-02,nan,nan,nan
207,1.76643015e-03,5.09096536e-03,inf,8.04915503e-02,5,600000.000000,0.350000,7.05346334e-02,nan,nan,nan
208,1.97971600e-03,2.01461603e-03,inf,6.17037620e-03,5,600000.000000,0.350000,7.90901664e-02,4.47949390e+00,8.06308920e-03,1.01948062e-01
209,2.06359803e-03,1.87540397e-03,inf,6.08989457e-03,5,600000.000000,0.350000,7.38684321e-02,nan,nan,nan
210,1.55591628e-03,1.93618712e-03,inf,5.31516969e-03,5,600000.000000,0.350000,6.03045373e-02,nan,nan,nan
211,1.48329491e-03,1.81403472e-03,inf,4.40068496e-03,5,600000.000000,0.350000,5.56229279e-02,nan,nan,nan
212,1.30479643e-03,1.97042531e-03,inf,9.59761068e-03,5,600000.000000,0.350000,4.84912124e-02,1.26102411e+01,2.26984322e-02,4.68093725e-01
213,1.32499800e-03,1.97603195e-03,inf,9.44163185e-03,5,600000.000000,0.350000,5.32212420e-02,nan,nan,nan
214,1.28499294e-03,2.56152878e-03,inf,1.60100050e-02,5,600000.000000,0.350000,4.96788070e-02,nan,nan,nan
215,1.39665152e-03,2.00704306e-03,inf,1.00189531e-02,5,600000.000000,0.350000,5.68033522e-02,nan,nan,nan
216,1.30731357e-03,1.83392950e-03,inf,6.32936787e-03,5,600000.000000,0.350000,5.21347976e-02,9.16354002e+00,1.64943742e-02,3.16379366e-01
217,1.33922855e-03,1.84235416e-03,inf,8.02733563e-03,5,600000.000000,0.350000,5.74001041e-02,nan,nan,nan
218,1.63749765e-03,1.91318629e-03,inf,8.72005150e-03,5,600000.000000,0.350000,6.29665569e-02,nan,nan,nan
219,1.26786375e-03,1.88063483e-03,inf,6.35384535e-03,5,600000.000000,0.350000,5.21202857e-02,nan,nan,nan
220,1.69869872e-03,2.15235728e-03,inf,1.89032517e-02,5,600000.000000,0.350000,6.81294867e-02,1.77187098e+01,3.18936768e-02,4.68133232e-01
221,1.27420356e-03,2.11897876e-03,inf,9.01860744e-03,5,600000.000000,0.350000,5.11204030e-02,nan,nan,nan
222,1.41969264e-03,2.22256809e-03,inf,1.15889218e-02,5,600000.000000,0.350000,5.73501707e-02,nan,nan,nan
223,1.37995434e-03,3.73739209e-03,inf,2.69529819e-02,5,600000.000000,0.350000,5.99438359e-02,nan,nan,nan
224,2.80456084e-03,1.90828373e-03,inf,5.72233461e-03,5,600000.000000,0.350000,9.84431717e-02,7.07683165e+00,1.27382957e-02,1.29397453e-01
225,1.73327740e-03,2.75307489e-03,inf,4.46361043e-02,5,600000.000000,0.350000,6.87015322e-02,nan,nan,nan
226,1.36165083e-03,1.96648723e-03,inf,9.57435928e-03,5,600000.000000,0.350000,5.75875266e-02,nan,nan,nan
227,1.34105249e-03,1.92716864e-03,inf,5.51258493e-03,5,600000.000000,0.350000,5.50678949e-02,nan,nan,nan
228,1.22351900e-03,2.07152617e-03,inf,1.08655589e-02,5,600000.000000,0.350000,4.64998749e-02,9.81451987e+00,1.76661361e-02,3.79917928e-01
229,1.40713489e-03,1.73299117e-03,inf,3.92245641e-03,5,600000.000000,0.350000,6.07683016e-02,nan,nan,nan
230,1.26818691e-03,1.88554123e-03,inf,7.40379095e-03,5,600000.000000,0.350000,5.05475940e-02,nan,nan,nan
231,1.24674132e-03,2.23612221e-03,inf,1.35662304e-02,5,600000.000000,0.350000,5.12752204e-02,nan,nan,nan
232,1.32933221e-03,1.91173809e-03,inf,5.12614194e-03,5,600000.000000,0.350000,5.48705816e-02,4.42049423e+00,7.95688986e-03,1.45011947e-01
233,1.84896184e-03,2.43643536e-03,inf,1.64194889e-02,5,600000.000000,0.350000,7.58744871e-02,nan,nan,nan
234,1.51112001e-03,1.93031422e-03,inf,7.40850950e-03,5,600000.000000,0.350000,6.66214866e-02,nan,nan,nan
235,1.49083876e-03,1.76605965e-03,inf,9.12692118e-03,5,600000.000000,0.350000,6.38077129e-02,nan,nan,nan
236,1.28702171e-03,2.10910003e-03,inf,1.22482292e-02,5,600000.000000,0.350000,5.25488605e-02,9.83078949e+00,1.76954211e-02,3.36742242e-01
237,1.30593424e-03,1.95835067e-03,inf,5.12118079e-03,5,600000.000000,0.350000,5.80746443e-02,nan,nan,nan
238,1.21448298e-03,2.00844557e-03,inf,7.18805799e-03,5,600000.000000,0.350000,4.96405651e-02,nan,nan,nan
239,1.21949845e-03,2.46488274e-03,inf,9.76513326e-03,5,600000.000000,0.350000,5.12478948e-02,nan,nan,nan
240,1.30241014e-03,1.85895000e-03,inf,7.42459390e-03,5,600000.000000,0.350000,5.67280240e-02,1.49722553e+01,2.69500605e-02,4.75074903e-01
241,1.36909340e-03,2.14869871e-03,inf,1.08655188e-02,6,700000.000000,0.300000,5.72060891e-02,nan,nan,nan
242,1.56304524e-03,1.66535660e-03,inf,7.76457181e-03,6,700000.000000,0.300000,6.79135661e-02,nan,nan,nan
243,1.51544810e-03,2.09124896e-03,inf,6.61565224e-03,6,700000.000000,0.300000,6.50936395e-02,nan,nan,nan
244,1.20244820e-03,1.87323778e-03,inf,8.55816342e-03,6,700000.000000,0.300000,5.80651547e-02,5.79245775e+00,1.04264240e-02,1.79564216e-01
245,1.31515084e-03,1.88281556e-03,inf,9.78011824e-03,6,700000.000000,0.300000,5.76207807e-02,nan,nan,nan
246,1.19363236e-03,2.25983616e-03,inf,1.32749034e-02,6,700000.000000,0.300000,4.93104109e-02,nan,nan,nan
247,1.49954448e-03,1.81357428e-03,inf,1.04259802e-02,6,700000.000000,0.300000,6.54478894e-02,nan,nan,nan
248,1.51659263e-03,1.73824514e-03,inf,8.48436821e-03,6,700000.000000,0.300000,6.74544289e-02,6.56898963e+00,1.18241812e-02,1.75291399e-01
249,1.40286086e-03,2.02363118e-03,inf,1.02835465e-02,6,700000.000000,0.300000,6.30453416e-02,nan,nan,nan
250,1.29372756e-03,1.74378339e-03,inf,5.68149053e-03,6,700000.000000,0.300000,6.22745080e-02,nan,nan,nan
251,1.17035672e-03,1.92790497e-03,inf,1.11754434e-02,6,700000.000000,0.300000,5.11915119e-02,nan,nan,nan
252,1.28854215e-03,1.79883679e-03,inf,5.93558280e-03,6,700000.000000,0.300000,5.80766452e-02,3.34442593e+00,6.01996723e-03,1.03655561e-01
253,1.20725229e-03,2.55236091e-03,inf,2.09741015e-02,6,700000.000000,0.300000,5.20381949e-02,nan,nan,nan
254,1.44251071e-03,1.94673249e-03,inf,7.39289308e-03,6,700000.000000,0.300000,7.50475805e-02,nan,nan,nan
255,1.38894619e-03,2.02300315e-03,inf,2.68269088e-02,6,700000.000000,0.300000,5.88559407e-02,nan,nan,nan
256,1.39526543e-03,1.74191862e-03,inf,6.77193189e-03,6,700000.000000,0.300000,6.18221102e-02,5.06205620e+00,9.11169955e-03,1.47385774e-01
257,1.51793192e-03,1.96745473e-03,inf,1.26620773e-02,6,700000.000000,0.300000,6.60071465e-02,nan,nan,nan
258,1.22422391e-03,1.87043790e-03,inf,9.18466784e-03,6,700000.000000,0.300000,5.34631162e-02,nan,nan,nan
259,1.41275480e-03,1.78822205e-03,inf,6.40712818e-03,6,700000.000000,0.300000,6.01542272e-02,nan,nan,nan
260,1.21297127e-03,2.15453901e-03,inf,1.20939929e-02,6,700000.000000,0.300000,5.44374464e-02,6.11149566e+00,1.10006925e-02,2.02079509e-01
261,1.22802518e-03,1.81433723e-03,inf,6.60331454e-03,6,700000.000000,0.300000,5.62561329e-02,nan,nan,nan
262,1.26174718e-03,1.69662829e-03,inf,8.54015164e-03,6,700000.000000,0.300000,5.61618528e-02,nan,nan,nan
263,1.20036576e-03,1.62586186e-03,inf,4.66476521e-03,6,700000.000000,0.300000,5.62283609e-02,nan,nan,nan
264,1.40740140e-03,1.99134262e-03,inf,8.96433834e-03,6,700000.000000,0.300000,6.10697257e-02,5.64972927e+00,1.01695132e-02,1.66522989e-01
265,1.21966808e-03,1.69947209e-03,inf,7.49970833e-03,6,700000.000000,0.300000,5.33450265e-02,nan,nan,nan
266,1.29197905e-03,1.99851637e-03,inf,1.01934122e-02,6,700000.000000,0.300000,5.62731984e-02,nan,nan,nan
267,1.25274661e-03,1.71069431e-03,inf,8.42198730e-03,6,700000.000000,0.300000,5.87586162e-02,nan,nan,nan
268,1.31044930e-03,1.76694843e-03,inf,5.70970541e-03,6,700000.000000,0.300000,5.94273420e-02,1.03728145e+01,1.86710607e-02,3.14183001e-01
269,1.14183498e-03,1.73419471e-03,inf,6.28982624e-03,6,700000.000000,0.300000,5.23574872e-02,nan,nan,nan
270,1.22402366e-03,2.16763420e-03,inf,1.28581133e-02,6,700000.000000,0.300000,5.38707695e-02,nan,nan,nan
271,1.26248805e-03,1.76027586e-03,inf,7.74505222e-03,6,700000.000000,0.300000,6.38569920e-02,nan,nan,nan
272,1.21251203e-03,2.44180892e-03,inf,1.81191638e-02,6,700000.000000,0.300000,5.68913929e-02,1.67905972e+01,3.02230801e-02,5.31241697e-01
273,1.17258019e-03,1.89964522e-03,inf,1.40932230e-02,6,700000.000000,0.300000,5.65440988e-02,nan,nan,nan
274,1.22308620e-03,1.75301976e-03,inf,7.89780170e-03,6,700000.000000,0.300000,5.44526450e-02,nan,nan,nan
275,1.13464135e-03,1.86247344e-03,inf,1.00330329e-02,6,700000.000000,0.300000,4.97223021e-02,nan,nan,nan
276,1.19611561e-03,2.18392888e-03,inf,9.34622623e-03,6,700000.000000,0.300000,5.84079037e-02,3.98296494e+00,7.16933848e-03,1.22746033e-01
277,1.31941689e-03,2.14156670e-03,inf,1.59702469e-02,6,700000.000000,0.300000,6.60195369e-02,nan,nan,nan
278,1.29058837e-03,1.88342474e-03,inf,7.97962770e-03,6,700000.000000,0.300000,6.76629161e-02,nan,nan,nan
279,1.36261525e-03,1.73915448e-03,inf,1.06656663e-02,6,700000.000000,0.300000,6.58956050e-02,nan,nan,nan
280,1.22325173e-03,2.54583228e-03,inf,2.22098529e-02,6,700000.000000,0.300000,5.55378196e-02,9.26992388e+00,1.66858655e-02,3.00441495e-01
281,1.90321868e-03,1.65019685e-03,inf,5.00478689e-03,6,700000.000000,0.300000,7.86264747e-02,nan,nan,nan
282,1.22305503e-03,2.27620694e-03,inf,1.78246163e-02,6,700000.000000,0.300000,5.70589056e-02,nan,nan,nan
283,1.20092268e-03,1.79561931e-03,inf,1.13692889e-02,6,700000.000000,0.300000,5.34420293e-02,nan,nan,nan
284,1.11945831e-03,1.68526916e-03,inf,5.03777107e-03,6,700000.000000,0.300000,5.19788438e-02,1.04982287e+01,1.88968157e-02,3.63548212e-01
285,1.10958217e-03,1.97109128e-03,inf,1.18252384e-02,6,700000.000000,0.300000,5.10389819e-02,nan,nan,nan
286,1.39470273e-03,1.86795512e-03,inf,9.06794984e-03,6,700000.000000,0.300000,5.64564542e-02,nan,nan,nan
287,1.35241617e-03,1.88236885e-03,inf,1.91279016e-02,6,700000.000000,0.300000,5.85899896e-02,nan,nan,nan
288,1.15192211e-03,1.87607581e-03,inf,1.28355296e-02,6,700000.000000,0.300000,5.19635725e-02,1.06257503e+01,1.91263479e-02,3.68072228e-01
289,1.17893108e-03,1.86697467e-03,inf,6.87918672e-03,6,700000.000000,0.300000,5.76456089e-02,nan,nan,nan
290,1.17773381e-03,1.78580726e-03,inf,1.22635905e-02,6,700000.000000,0.300000,5.47192722e-02,nan,nan,nan
291,1.50243437e-03,2.00530927e-03,inf,1.05762742e-02,6,700000.000000,0.300000,8.05225264e-02,nan,nan,nan
292,1.32526941e-03,1.78053473e-03,inf,7.01251626e-03,6,700000.000000,0.300000,5.83277213e-02,5.66925638e+00,1.02046627e-02,1.74953906e-01
293,1.36408052e-03,1.66599512e-03,inf,5.61022898e-03,6,700000.000000,0.300000,6.63982397e-02,nan,nan,nan
294,1.06266237e-03,1.65695335e-03,inf,5.63638238e-03,6,700000.000000,0.300000,4.95841639e-02,nan,nan,nan
295,1.26375480e-03,1.68930995e-03,inf,5.31036872e-03,6,700000.000000,0.300000,6.17670392e-02,nan,nan,nan
296,9.88690283e-04,2.99981360e-03,inf,1.15595702e-02,6,700000.000000,0.300000,4.51702236e-02,8.82300635e+00,1.58814107e-02,3.51590262e-01
297,1.43443173e-03,1.65830986e-03,inf,5.54190902e-03,6,700000.000000,0.300000,6.70498151e-02,nan,nan,nan
298,1.21421306e-03,1.83162997e-03,inf,1.34113785e-02,6,700000.000000,0.300000,5.81491406e-02,nan,nan,nan
299,1.19734941e-03,1.72851862e-03,inf,8.09109770e-03,6,700000.000000,0.300000,5.55254736e-02,nan,nan,nan
300,1.06023167e-03,1.82296346e-03,inf,7.71959638e-03,6,700000.000000,0.300000,4.94838290e-02,8.41505257e+00,1.51470935e-02,3.06101889e-01
301,1.27133138e-03,2.04261873e-03,inf,1.00233974e-02,0,,,6.29711860e-02,nan,nan,nan
302,1.29028492e-03,1.74489550e-03,inf,9.29342397e-03,0,,,6.21067698e-02,nan,nan,nan
303,1.40142603e-03,1.59138159e-03,inf,4.50446876e-03,0,,,6.60016283e-02,nan,nan,nan
304,1.24283637e-03,1.62420187e-03,inf,4.88620158e-03,0,,,5.96504040e-02,2.49059590e+00,4.48307182e-03,7.51557661e-02
305,1.20801916e-03,1.76840768e-03,inf,8.99844803e-03,0,,,6.21514721e-02,nan,nan,nan
306,1.17543441e-03,1.81410200e-03,inf,7.51005625e-03,0,,,6.15256060e-02,nan,nan,nan
307,1.15004591e-03,1.68798051e-03,inf,4.76429379e-03,0,,,5.69772100e-02,nan,nan,nan
308,1.03227403e-03,1.75287997e-03,inf,1.45073105e-02,0,,,4.57686343e-02,8.66625582e+00,1.55992616e-02,3.40828644e-01
309,1.09888917e-03,1.64786271e-03,inf,6.30954746e-03,0,,,5.02804843e-02,nan,nan,nan
310,1.21866739e-03,1.49912826e-03,inf,3.94999143e-03,0,,,5.90012606e-02,nan,nan,nan
311,1.16895744e-03,1.80702363e-03,inf,5.98293217e-03,0,,,5.25053748e-02,nan,nan,nan
312,1.10307959e-03,1.63176269e-03,inf,8.14371277e-03,0,,,5.44450054e-02,8.54744476e+00,1.53854000e-02,2.82586069e-01
313,1.02886924e-03,1.66106856e-03,inf,6.60345471e-03,0,,,4.87615469e-02,nan,nan,nan
314,9.73681675e-04,1.65664325e-03,inf,8.48158635e-03,0,,,4.87171394e-02,nan,nan,nan
315,1.00730135e-03,1.52102756e-03,inf,7.17944046e-03,0,,,5.06431908e-02,nan,nan,nan
316,9.90914513e-04,1.69893409e-03,inf,6.83660526e-03,0,,,4.75536020e-02,7.77652548e+00,1.39977432e-02,2.94357160e-01
317,9.98828784e-04,1.86145938e-03,inf,8.92799348e-03,0,,,4.94581779e-02,nan,nan,nan
318,1.08443262e-03,1.60800609e-03,inf,8.60826205e-03,0,,,5.22225470e-02,nan,nan,nan
319,1.13120474e-03,2.02629541e-03,inf,1.74830724e-02,0,,,5.61270844e-02,nan,nan,nan
320,1.09944166e-03,1.55454124e-03,inf,4.34472505e-03,0,,,5.73936499e-02,2.36136671e+00,4.25046108e-03,7.40580374e-02
321,1.06269209e-03,1.66512956e-03,inf,9.80795454e-03,0,,,5.00593132e-02,nan,nan,nan
322,9.83246797e-04,1.79234243e-03,inf,9.79504362e-03,0,,,4.55002787e-02,nan,nan,nan
323,9.99954912e-04,1.50230180e-03,inf,3.76409292e-03,0,,,4.79444162e-02,nan,nan,nan
324,8.88343822e-04,1.63603670e-03,inf,5.70292585e-03,0,,,3.88734292e-02,3.63201972e+00,6.53763638e-03,1.68177506e-01
325,8.97705563e-04,1.55802606e-03,inf,5.49047301e-03,0,,,3.71739292e-02,nan,nan,nan
326,8.85570137e-04,1.52392851e-03,inf,3.86228552e-03,0,,,4.05319959e-02,nan,nan,nan
327,8.79413556e-04,1.59781833e-03,inf,4.54137195e-03,0,,,4.02709419e-02,nan,nan,nan
328,8.72547357e-04,1.58956548e-03,inf,3.89560987e-03,0,,,3.60805273e-02,3.33608212e+00,6.00494834e-03,1.66431834e-01
329,8.65242618e-04,1.59432882e-03,inf,5.16276341e-03,0,,,3.89555289e-02,nan,nan,nan
330,8.84139049e-04,1.41262664e-03,inf,4.03555157e-03,0,,,4.04692277e-02,nan,nan,nan
331,8.93478121e-04,1.60254419e-03,inf,3.33167124e-03,0,,,3.90763382e-02,nan,nan,nan
332,8.59877396e-04,1.50027490e-03,inf,7.41237402e-03,0,,,3.78548782e-02,9.16803978e+00,1.65024757e-02,4.35940531e-01
333,8.39471185e-04,1.49297780e-03,inf,4.37902380e-03,0,,,3.39881214e-02,nan,nan,nan
334,8.29867751e-04,1.51397588e-03,inf,5.34781720e-03,0,,,3.36540242e-02,nan,nan,nan
335,8.17193019e-04,1.53103749e-03,inf,2.90417974e-03,0,,,3.25820000e-02,nan,nan,nan
336,8.14045492e-04,1.49111734e-03,inf,3.50469118e-03,0,,,3.39241509e-02,4.32527708e+00,7.78549995e-03,2.29497268e-01
337,7.92499524e-04,1.41921319e-03,inf,2.95915455e-03,0,,,3.03315122e-02,nan,nan,nan
338,7.98655575e-04,1.43640125e-03,inf,3.15240328e-03,0,,,2.95703404e-02,nan,nan,nan
339,7.99229061e-04,1.45914285e-03,inf,4.45727352e-03,0,,,3.34405951e-02,nan,nan,nan
340,8.04643289e-04,1.43425780e-03,inf,2.36229273e-03,0,,,3.18667677e-02,1.15340455e+00,2.07612826e-03,6.51502618e-02
341,7.74587962e-04,1.42414537e-03,inf,2.34284531e-03,0,,,2.97972036e-02,nan,nan,nan
342,7.77811113e-04,1.39542215e-03,inf,6.17731828e-03,0,,,2.90960836e-02,nan,nan,nan
343,7.66958570e-04,1.41417727e-03,inf,2.99226842e-03,0,,,2.74007820e-02,nan,nan,nan
344,7.52794270e-04,1.42022949e-03,inf,3.24036926e-03,0,,,2.53136664e-02,1.74820670e+00,3.14677193e-03,1.24311187e-01
345,7.47467161e-04,1.39932030e-03,inf,2.28717504e-03,0,,,2.52704204e-02,nan,nan,nan
346,7.42346697e-04,1.38679071e-03,inf,3.59840319e-03,0,,,2.46145221e-02,nan,nan,nan
347,7.36982959e-04,1.36941349e-03,inf,4.79062367e-03,0,,,2.50648932e-02,nan,nan,nan
348,7.35671124e-04,1.38641681e-03,inf,2.74750218e-03,0,,,2.35746514e-02,2.81140335e+00,5.06052651e-03,2.14659654e-01
349,7.30265430e-04,1.37594287e-03,inf,2.45232740e-03,0,,,2.33588728e-02,nan,nan,nan
350,7.23363357e-04,1.37725721e-03,inf,2.61027459e-03,0,,,2.17488756e-02,nan,nan,nan
351,7.18487447e-04,1.38182610e-03,inf,2.07719812e-03,0,,,2.17743914e-02,nan,nan,nan
352,7.17282355e-04,1.41108821e-03,inf,2.42972025e-03,0,,,2.05912178e-02,1.61046128e+00,2.89883023e-03,1.40779931e-01
353,7.16050158e-04,1.38458568e-03,inf,1.81831303e-03,0,,,2.11652471e-02,nan,nan,nan
354,7.09587998e-04,1.38375504e-03,inf,2.64583109e-03,0,,,1.95714537e-02,nan,nan,nan
355,7.09405829e-04,1.38603325e-03,inf,2.61384109e-03,0,,,1.97479951e-02,nan,nan,nan
356,7.08967103e-04,1.38248937e-03,inf,2.73306901e-03,0,,,1.90156007e-02,4.55436382e+00,8.19785567e-03,4.31112107e-01
357,7.05171208e-04,1.38647207e-03,inf,2.45300983e-03,0,,,1.95331867e-02,nan,nan,nan
358,7.04166866e-04,1.38544082e-03,inf,2.25826120e-03,0,,,1.86932461e-02,nan,nan,nan
359,7.02111397e-04,1.36937310e-03,inf,2.02453462e-03,0,,,1.79008064e-02,nan,nan,nan
360,7.02304193e-04,1.36650641e-03,inf,2.52148020e-03,0,,,1.84311698e-02,3.44829444e+00,6.20693047e-03,3.36762699e-01
RUN_END 2026-08-04 04:50:03 total_time_s=16909.04
