
==========================================================================================
RUN_START 2026-08-04 00:30:28  r=9  device=cpu
LR=0.001  BATCH_SIZE=256
LAMBDA_ROLLOUT=0.0018  N_ROLLOUT_SIMS_PER_EPOCH=80
WARMUP_EPOCHS=40  V_CAPS=[200000, 300000, 400000, 500000, 600000, 700000]  VOL_STAGE_EPOCHS_LIST=[40, 40, 40, 40, 40, 60]
FRAC_NEW_BY_STAGE=[0.5, 0.45, 0.4, 0.35, 0.35, 0.3]
Ag-relative: LAMBDA_OVERPRED_AG=0.082  AG_REL_FLOOR_CM2=10.0
(rollout fn still uses AG_TOL_CM2=0.5 / AG_OVER_CAP_CM2=100.0 but train loop ignores hinge)
SIM_LOSS_CAP=0.033  (cap applies to rollout+Ag together)
PCA_GROWTH_NPZ=growth_pca_trainonly_H60_W60_k8_val0.20_seed123.npz
==========================================================================================
epoch,train_loss,val_loss,best_val,roll_report_avg,Vstage,Vcap,frac_new,g1_mean,g_roll_unscaled,g_roll_scaled,ratio_scaledroll_to_g1mean
1,3.79395358e-02,2.40847814e-02,inf,0.00000000e+00,0,,,8.63087115e-02,nan,nan,nan
2,2.61350014e-02,1.97181246e-02,inf,0.00000000e+00,0,,,8.51398977e-02,nan,nan,nan
3,2.00384124e-02,1.30649104e-02,inf,0.00000000e+00,0,,,8.46173744e-02,nan,nan,nan
4,1.55898564e-02,1.09699739e-02,inf,0.00000000e+00,0,,,8.55873455e-02,nan,nan,nan
5,1.22328923e-02,9.87397792e-03,inf,0.00000000e+00,0,,,7.37610571e-02,nan,nan,nan
6,1.08754053e-02,1.12203452e-02,inf,0.00000000e+00,0,,,8.49505292e-02,nan,nan,nan
7,1.12760086e-02,7.79294631e-03,inf,0.00000000e+00,0,,,9.16443286e-02,nan,nan,nan
8,9.16846805e-03,8.04354036e-03,inf,0.00000000e+00,0,,,7.35628567e-02,nan,nan,nan
9,8.95645217e-03,6.63103786e-03,inf,0.00000000e+00,0,,,7.83365608e-02,nan,nan,nan
10,8.86384306e-03,6.45919463e-03,inf,0.00000000e+00,0,,,8.39850208e-02,nan,nan,nan
11,7.61033847e-03,6.09634537e-03,inf,0.00000000e+00,0,,,6.83513189e-02,nan,nan,nan
12,8.37405565e-03,6.13718390e-03,inf,0.00000000e+00,0,,,8.69026551e-02,nan,nan,nan
13,7.03852377e-03,5.89549001e-03,inf,0.00000000e+00,0,,,6.67739245e-02,nan,nan,nan
14,7.04795937e-03,5.74540017e-03,inf,0.00000000e+00,0,,,7.62886326e-02,nan,nan,nan
15,7.13035120e-03,5.81013541e-03,inf,0.00000000e+00,0,,,7.59753851e-02,nan,nan,nan
16,6.62353465e-03,5.36811442e-03,inf,0.00000000e+00,0,,,7.20411314e-02,nan,nan,nan
17,6.18889644e-03,5.26985396e-03,inf,0.00000000e+00,0,,,6.91263974e-02,nan,nan,nan
18,7.12030389e-03,5.99811378e-03,inf,0.00000000e+00,0,,,8.72795000e-02,nan,nan,nan
19,6.37048244e-03,5.21731762e-03,inf,0.00000000e+00,0,,,7.37539217e-02,nan,nan,nan
20,6.70455362e-03,5.26790891e-03,inf,0.00000000e+00,0,,,8.16855281e-02,nan,nan,nan
21,5.87846810e-03,4.99294525e-03,inf,0.00000000e+00,0,,,7.16225972e-02,nan,nan,nan
22,5.23272251e-03,5.28869286e-03,inf,0.00000000e+00,0,,,6.23609188e-02,nan,nan,nan
23,6.55076590e-03,4.88456472e-03,inf,0.00000000e+00,0,,,8.53745896e-02,nan,nan,nan
24,5.81627201e-03,4.96307322e-03,inf,0.00000000e+00,0,,,7.81754956e-02,nan,nan,nan
25,5.23271118e-03,4.45682705e-03,inf,0.00000000e+00,0,,,6.43680132e-02,nan,nan,nan
26,5.59712756e-03,4.53451761e-03,inf,0.00000000e+00,0,,,7.76788385e-02,nan,nan,nan
27,4.92955553e-03,4.21490250e-03,inf,0.00000000e+00,0,,,6.68527812e-02,nan,nan,nan
28,4.79886482e-03,4.65543890e-03,inf,0.00000000e+00,0,,,6.86021384e-02,nan,nan,nan
29,4.70963345e-03,4.07110012e-03,inf,0.00000000e+00,0,,,6.72679741e-02,nan,nan,nan
30,4.46514741e-03,3.87419467e-03,inf,0.00000000e+00,0,,,6.43303119e-02,nan,nan,nan
31,4.15232422e-03,4.68528614e-03,inf,0.00000000e+00,0,,,6.12585859e-02,nan,nan,nan
32,4.47949665e-03,5.68598822e-03,inf,0.00000000e+00,0,,,7.27243937e-02,nan,nan,nan
33,5.28668000e-03,6.42260991e-03,inf,0.00000000e+00,0,,,8.40034027e-02,nan,nan,nan
34,5.00696902e-03,4.23535888e-03,inf,0.00000000e+00,0,,,7.90217594e-02,nan,nan,nan
35,4.58067149e-03,3.71393299e-03,inf,0.00000000e+00,0,,,7.95277352e-02,nan,nan,nan
36,4.30996212e-03,4.60750301e-03,inf,0.00000000e+00,0,,,7.29558088e-02,nan,nan,nan
37,4.06322082e-03,3.72479266e-03,inf,0.00000000e+00,0,,,6.50351649e-02,nan,nan,nan
38,4.49382775e-03,3.63589163e-03,inf,0.00000000e+00,0,,,7.58227080e-02,nan,nan,nan
39,3.73228472e-03,3.42624100e-03,inf,0.00000000e+00,0,,,6.12375597e-02,nan,nan,nan
40,3.96675208e-03,3.49878358e-03,inf,0.00000000e+00,0,,,6.53383013e-02,nan,nan,nan
41,3.69548173e-03,4.44427751e-03,inf,2.88573354e-02,1,200000.000000,0.500000,6.62223836e-02,nan,nan,nan
42,3.59350129e-03,3.58868030e-03,inf,1.13878753e-02,1,200000.000000,0.500000,6.27629299e-02,nan,nan,nan
43,3.79772130e-03,3.65908328e-03,inf,1.17211929e-02,1,200000.000000,0.500000,6.92558262e-02,nan,nan,nan
44,3.40534993e-03,3.94269323e-03,inf,1.20089361e-02,1,200000.000000,0.500000,6.28320080e-02,4.17742000e+00,7.51935573e-03,1.19673968e-01
45,3.49425017e-03,6.59397381e-03,inf,1.46547081e-02,1,200000.000000,0.500000,7.18139372e-02,nan,nan,nan
46,6.14696955e-03,4.74274517e-03,inf,2.25090627e-02,1,200000.000000,0.500000,1.08025449e-01,nan,nan,nan
47,4.39013963e-03,3.53063288e-03,inf,7.80883711e-03,1,200000.000000,0.500000,7.22937836e-02,nan,nan,nan
48,3.46100985e-03,3.35939258e-03,inf,8.67613778e-03,1,200000.000000,0.500000,6.16021762e-02,5.15168489e+00,9.27303474e-03,1.50530960e-01
49,3.15552490e-03,3.26685226e-03,inf,3.62824947e-02,1,200000.000000,0.500000,5.64550746e-02,nan,nan,nan
50,3.36004564e-03,3.39524352e-03,inf,1.01446761e-02,1,200000.000000,0.500000,6.65365742e-02,nan,nan,nan
51,3.40025272e-03,3.71644267e-03,inf,1.64875779e-02,1,200000.000000,0.500000,6.71446758e-02,nan,nan,nan
52,3.74468956e-03,3.23193150e-03,inf,8.58298223e-03,1,200000.000000,0.500000,7.38708838e-02,2.53331422e+00,4.55996565e-03,6.17288627e-02
53,4.79098619e-03,6.73303408e-03,inf,2.46894918e-02,1,200000.000000,0.500000,8.65563476e-02,nan,nan,nan
54,4.51818063e-03,4.14647152e-03,inf,1.00674275e-02,1,200000.000000,0.500000,8.64414798e-02,nan,nan,nan
55,3.33563124e-03,3.18956107e-03,inf,9.47310589e-03,1,200000.000000,0.500000,6.78871919e-02,nan,nan,nan
56,3.25492397e-03,3.27993496e-03,inf,1.80776920e-02,1,200000.000000,0.500000,6.55309615e-02,6.79849612e+00,1.22372939e-02,1.86740642e-01
57,3.15665252e-03,3.11978996e-03,inf,1.10046659e-02,1,200000.000000,0.500000,6.28550828e-02,nan,nan,nan
58,3.53844713e-03,3.13582567e-03,inf,3.16386931e-02,1,200000.000000,0.500000,7.38246260e-02,nan,nan,nan
59,2.83814202e-03,2.98415187e-03,inf,7.98516441e-03,1,200000.000000,0.500000,5.89428383e-02,nan,nan,nan
60,3.45218256e-03,6.00712300e-03,inf,4.35593501e-02,1,200000.000000,0.500000,7.16864027e-02,4.49545535e+00,8.09181906e-03,1.12878018e-01
61,3.75904280e-03,3.25214472e-03,inf,5.91126084e-03,1,200000.000000,0.500000,7.32213864e-02,nan,nan,nan
62,2.94000452e-03,3.03433564e-03,inf,1.68675985e-02,1,200000.000000,0.500000,6.05917026e-02,nan,nan,nan
63,2.88539292e-03,2.92225866e-03,inf,1.18734110e-02,1,200000.000000,0.500000,5.95947674e-02,nan,nan,nan
64,3.03302125e-03,3.08323298e-03,inf,7.12781539e-03,1,200000.000000,0.500000,6.31723976e-02,3.00262253e+00,5.40472137e-03,8.55551090e-02
65,2.77755140e-03,2.92934377e-03,inf,5.92740439e-03,1,200000.000000,0.500000,6.26051000e-02,nan,nan,nan
66,2.84686479e-03,3.00235325e-03,inf,7.98436441e-03,1,200000.000000,0.500000,6.68547052e-02,nan,nan,nan
67,4.20050712e-03,2.90520298e-03,inf,8.36755987e-03,1,200000.000000,0.500000,8.12048910e-02,nan,nan,nan
68,2.58048418e-03,3.10233626e-03,inf,2.28797793e-02,1,200000.000000,0.500000,5.66205466e-02,1.57090601e+01,2.82763081e-02,4.99400127e-01
69,3.12678395e-03,3.25625239e-03,inf,7.82845356e-03,1,200000.000000,0.500000,7.14643796e-02,nan,nan,nan
70,2.66690245e-03,2.83880964e-03,inf,7.38800038e-03,1,200000.000000,0.500000,6.55643947e-02,nan,nan,nan
71,2.61981624e-03,2.71460050e-03,inf,8.05719383e-03,1,200000.000000,0.500000,6.22435615e-02,nan,nan,nan
72,2.65233725e-03,2.86769214e-03,inf,5.25007444e-03,1,200000.000000,0.500000,6.41816565e-02,1.52851741e+00,2.75133112e-03,4.28678734e-02
73,2.52801166e-03,3.55378000e-03,inf,2.94693168e-02,1,200000.000000,0.500000,6.09427832e-02,nan,nan,nan
74,2.30966645e-03,3.01325551e-03,inf,1.70288868e-02,1,200000.000000,0.500000,5.52482653e-02,nan,nan,nan
75,2.99552612e-03,2.93326292e-03,inf,6.29259134e-03,1,200000.000000,0.500000,7.30607358e-02,nan,nan,nan
76,2.38474403e-03,3.14138691e-03,inf,1.02101620e-02,1,200000.000000,0.500000,6.20383490e-02,4.17477125e+00,7.51458728e-03,1.21128099e-01
77,2.93709171e-03,2.63521779e-03,inf,6.80943578e-03,1,200000.000000,0.500000,6.88970116e-02,nan,nan,nan
78,2.49723450e-03,2.74574603e-03,inf,7.42344698e-03,1,200000.000000,0.500000,6.21981842e-02,nan,nan,nan
79,3.07548184e-03,2.67938380e-03,inf,9.92529467e-03,1,200000.000000,0.500000,7.10662179e-02,nan,nan,nan
80,3.11293463e-03,2.79757166e-03,inf,9.88451671e-03,1,200000.000000,0.500000,7.31246853e-02,1.17956974e+01,2.12322564e-02,2.90356892e-01
81,2.41116093e-03,5.46713695e-03,inf,7.94961527e-02,2,300000.000000,0.450000,6.01299948e-02,nan,nan,nan
82,2.66193808e-03,2.70289195e-03,inf,9.79801733e-03,2,300000.000000,0.450000,6.82465251e-02,nan,nan,nan
83,2.33381901e-03,3.22669073e-03,inf,2.03898791e-02,2,300000.000000,0.450000,6.16969631e-02,nan,nan,nan
84,3.09939792e-03,2.56962171e-03,inf,1.25516355e-02,2,300000.000000,0.450000,7.80621035e-02,1.73092849e+01,3.11567146e-02,3.99127274e-01
85,2.30752616e-03,2.53129152e-03,inf,6.76292088e-03,2,300000.000000,0.450000,5.78896506e-02,nan,nan,nan
86,2.11176322e-03,2.54731577e-03,inf,9.35349055e-03,2,300000.000000,0.450000,5.53126834e-02,nan,nan,nan
87,2.66588344e-03,3.11251442e-03,inf,1.35115059e-02,2,300000.000000,0.450000,7.03378839e-02,nan,nan,nan
88,2.56745772e-03,2.44681916e-03,inf,5.31409401e-03,2,300000.000000,0.450000,6.71057798e-02,5.18871177e+00,9.33968103e-03,1.39178489e-01
89,2.19258272e-03,2.39813613e-03,inf,9.34127718e-03,2,300000.000000,0.450000,5.78828613e-02,nan,nan,nan
90,2.31413816e-03,3.57525289e-03,inf,2.05717124e-02,2,300000.000000,0.450000,6.22296742e-02,nan,nan,nan
91,2.71390264e-03,2.53958371e-03,inf,2.13709809e-02,2,300000.000000,0.450000,7.15314722e-02,nan,nan,nan
92,2.23616471e-03,2.51321352e-03,inf,1.18927276e-02,2,300000.000000,0.450000,6.20730447e-02,1.13912799e+01,2.05043036e-02,3.30325404e-01
93,2.15305806e-03,2.71361566e-03,inf,2.17478015e-02,2,300000.000000,0.450000,6.63016881e-02,nan,nan,nan
94,2.28604892e-03,2.41253930e-03,inf,2.35236436e-02,2,300000.000000,0.450000,6.06630686e-02,nan,nan,nan
95,2.07108008e-03,2.27425822e-03,inf,1.04731312e-02,2,300000.000000,0.450000,5.88056420e-02,nan,nan,nan
96,2.26654127e-03,2.29202238e-03,inf,8.42236169e-03,2,300000.000000,0.450000,6.80440076e-02,1.29770875e+01,2.33587547e-02,3.43288932e-01
97,2.12960564e-03,3.77768855e-03,inf,2.36947443e-02,2,300000.000000,0.450000,5.96143549e-02,nan,nan,nan
98,2.25463443e-03,2.38809578e-03,inf,1.19840577e-02,2,300000.000000,0.450000,6.41747936e-02,nan,nan,nan
99,2.09199008e-03,8.64081672e-03,inf,6.08496368e-02,2,300000.000000,0.450000,6.28640308e-02,nan,nan,nan
100,3.91656922e-03,2.52457972e-03,inf,8.03286210e-03,2,300000.000000,0.450000,9.19807936e-02,8.39456673e+00,1.51102222e-02,1.64275840e-01
101,2.35156130e-03,2.49062189e-03,inf,7.81076634e-03,2,300000.000000,0.450000,6.85785257e-02,nan,nan,nan
102,2.14707315e-03,3.66387912e-03,inf,2.04472058e-02,2,300000.000000,0.450000,6.49247390e-02,nan,nan,nan
103,2.38556006e-03,2.40657220e-03,inf,7.06657860e-03,2,300000.000000,0.450000,6.80627008e-02,nan,nan,nan
104,2.10619791e-03,2.66806959e-03,inf,1.09777655e-02,2,300000.000000,0.450000,6.32967706e-02,1.06618907e+01,1.91914023e-02,3.03197178e-01
105,2.36634874e-03,2.89562452e-03,inf,9.44271684e-03,2,300000.000000,0.450000,7.10051091e-02,nan,nan,nan
106,2.00015096e-03,2.23161104e-03,inf,1.33956997e-02,2,300000.000000,0.450000,5.86366833e-02,nan,nan,nan
107,2.10450331e-03,2.43877909e-03,inf,6.46238634e-03,2,300000.000000,0.450000,6.42245679e-02,nan,nan,nan
108,1.84210717e-03,2.27107766e-03,inf,5.44520840e-03,2,300000.000000,0.450000,5.55808230e-02,3.42542113e+00,6.16575654e-03,1.10933164e-01
109,1.72197395e-03,2.13631531e-03,inf,1.77504271e-02,2,300000.000000,0.450000,5.30879259e-02,nan,nan,nan
110,1.68289086e-03,2.39530183e-03,inf,1.00432066e-02,2,300000.000000,0.450000,5.21288090e-02,nan,nan,nan
111,1.86912230e-03,2.27972067e-03,inf,1.29484609e-02,2,300000.000000,0.450000,5.80377479e-02,nan,nan,nan
112,2.17084200e-03,2.28858502e-03,inf,1.23745920e-02,2,300000.000000,0.450000,6.61652137e-02,1.39196309e+01,2.50553346e-02,3.78678359e-01
113,1.88304881e-03,2.18458908e-03,inf,9.99215804e-03,2,300000.000000,0.450000,5.95289744e-02,nan,nan,nan
114,2.47322340e-03,2.44384347e-03,inf,7.30892271e-03,2,300000.000000,0.450000,7.22975244e-02,nan,nan,nan
115,2.18627923e-03,2.41458402e-03,inf,1.10010142e-02,2,300000.000000,0.450000,6.66633922e-02,nan,nan,nan
116,1.79136144e-03,2.22390411e-03,inf,2.17594914e-02,2,300000.000000,0.450000,5.43343261e-02,2.20386473e+01,3.96695629e-02,7.30101314e-01
117,1.90192100e-03,2.47091728e-03,inf,1.48845259e-02,2,300000.000000,0.450000,6.48421588e-02,nan,nan,nan
118,1.72840897e-03,2.19323551e-03,inf,1.77217256e-02,2,300000.000000,0.450000,5.50332405e-02,nan,nan,nan
119,1.56055055e-03,2.55403184e-03,inf,4.26824987e-02,2,300000.000000,0.450000,5.30097542e-02,nan,nan,nan
120,1.88176139e-03,2.30227666e-03,inf,8.80960468e-03,2,300000.000000,0.450000,6.65297885e-02,9.66079922e+00,1.73894404e-02,2.61378261e-01
121,1.99213019e-03,3.38936453e-03,inf,2.81889923e-02,3,400000.000000,0.400000,6.29891470e-02,nan,nan,nan
122,3.59659276e-03,3.36219518e-03,inf,3.66299264e-02,3,400000.000000,0.400000,9.10794797e-02,nan,nan,nan
123,2.88774151e-03,2.64663677e-03,inf,1.41334031e-02,3,400000.000000,0.400000,7.58932547e-02,nan,nan,nan
124,1.98489438e-03,2.82557168e-03,inf,3.44931260e-02,3,400000.000000,0.400000,6.38365914e-02,1.78220080e+01,3.20796160e-02,5.02527082e-01
125,2.00326433e-03,2.39773027e-03,inf,2.40097828e-02,3,400000.000000,0.400000,6.35109545e-02,nan,nan,nan
126,1.81557164e-03,2.18403880e-03,inf,2.16441341e-02,3,400000.000000,0.400000,6.28181101e-02,nan,nan,nan
127,1.95523473e-03,2.92179601e-03,inf,1.55784739e-02,3,400000.000000,0.400000,6.63140684e-02,nan,nan,nan
128,1.68199755e-03,2.08721502e-03,inf,1.55323269e-02,3,400000.000000,0.400000,5.89194558e-02,1.07138213e+01,1.92848786e-02,3.27309176e-01
129,1.85643014e-03,2.07791909e-03,inf,1.03228828e-02,3,400000.000000,0.400000,6.09393148e-02,nan,nan,nan
130,1.68225770e-03,1.97035363e-03,inf,5.86443171e-02,3,400000.000000,0.400000,5.54267220e-02,nan,nan,nan
131,2.04965115e-03,2.68957889e-03,inf,2.98530553e-02,3,400000.000000,0.400000,6.91781021e-02,nan,nan,nan
132,1.86047896e-03,2.07886866e-03,inf,1.55973118e-02,3,400000.000000,0.400000,6.38389146e-02,5.36798919e+00,9.66237914e-03,1.51355630e-01
133,1.81803668e-03,3.43112338e-03,inf,3.11716497e-02,3,400000.000000,0.400000,6.41485891e-02,nan,nan,nan
134,1.80963277e-03,2.19654864e-03,inf,2.62431689e-02,3,400000.000000,0.400000,6.14322404e-02,nan,nan,nan
135,1.62870615e-03,2.12185854e-03,inf,1.38711911e-02,3,400000.000000,0.400000,5.74729218e-02,nan,nan,nan
136,1.46909350e-03,2.01394985e-03,inf,1.71031691e-02,3,400000.000000,0.400000,5.39216977e-02,1.23242355e+01,2.21836277e-02,4.11404474e-01
137,1.45273492e-03,2.26153506e-03,inf,1.61066186e-02,3,400000.000000,0.400000,5.30236176e-02,nan,nan,nan
138,1.53088987e-03,2.00652299e-03,inf,2.19372548e-02,3,400000.000000,0.400000,5.62578628e-02,nan,nan,nan
139,1.58756536e-03,2.05213561e-03,inf,1.48072792e-02,3,400000.000000,0.400000,6.15031489e-02,nan,nan,nan
140,2.06863234e-03,2.01980817e-03,inf,1.02500487e-02,3,400000.000000,0.400000,6.35586174e-02,4.35438418e+00,7.83789058e-03,1.23317512e-01
141,1.60996259e-03,2.10805658e-03,inf,1.47741614e-02,3,400000.000000,0.400000,5.38958790e-02,nan,nan,nan
142,1.72209834e-03,2.07820459e-03,inf,1.52687598e-02,3,400000.000000,0.400000,6.38326763e-02,nan,nan,nan
143,1.42809859e-03,2.42607063e-03,inf,1.12975780e-02,3,400000.000000,0.400000,5.29742705e-02,nan,nan,nan
144,1.65731753e-03,3.43809279e-03,inf,3.38407382e-02,3,400000.000000,0.400000,6.26931335e-02,1.30236714e+01,2.34426082e-02,3.73926247e-01
145,2.08271341e-03,2.26001647e-03,inf,2.08128691e-02,3,400000.000000,0.400000,7.62624262e-02,nan,nan,nan
146,2.17650954e-03,2.18422446e-03,inf,1.56182256e-02,3,400000.000000,0.400000,7.48838083e-02,nan,nan,nan
147,1.61427239e-03,2.16069469e-03,inf,3.37202027e-02,3,400000.000000,0.400000,5.78701244e-02,nan,nan,nan
148,1.44972858e-03,1.95571481e-03,inf,1.18367663e-02,3,400000.000000,0.400000,5.50128194e-02,7.76080079e+00,1.39694444e-02,2.53930712e-01
149,1.71472494e-03,1.94902704e-03,inf,1.06021855e-02,3,400000.000000,0.400000,6.09848026e-02,nan,nan,nan
150,1.64514907e-03,1.94411474e-03,inf,1.97059494e-02,3,400000.000000,0.400000,6.09019355e-02,nan,nan,nan
151,1.84882737e-03,1.88962346e-03,inf,1.09133078e-02,3,400000.000000,0.400000,6.76154270e-02,nan,nan,nan
152,2.39758122e-03,2.42104773e-03,inf,1.85815133e-02,3,400000.000000,0.400000,7.60460144e-02,1.85897515e+01,3.34615524e-02,4.40017174e-01
153,1.78671176e-03,2.05545618e-03,inf,1.72366388e-02,3,400000.000000,0.400000,6.06145215e-02,nan,nan,nan
154,1.67900919e-03,1.84271551e-03,inf,1.23028439e-02,3,400000.000000,0.400000,5.78197439e-02,nan,nan,nan
155,1.56135354e-03,1.80717930e-03,inf,1.46376882e-02,3,400000.000000,0.400000,5.92193986e-02,nan,nan,nan
156,1.36565926e-03,1.90878365e-03,inf,1.69300772e-02,3,400000.000000,0.400000,5.26341754e-02,2.72407477e+01,4.90333415e-02,9.31587530e-01
157,1.69674029e-03,2.61840494e-03,inf,1.84434447e-02,3,400000.000000,0.400000,6.83182262e-02,nan,nan,nan
158,1.93483534e-03,1.98822425e-03,inf,1.54314339e-02,3,400000.000000,0.400000,7.26083363e-02,nan,nan,nan
159,1.68978068e-03,2.82862470e-03,inf,2.34871712e-02,3,400000.000000,0.400000,6.63058116e-02,nan,nan,nan
160,1.47666642e-03,1.78858399e-03,inf,7.18438160e-03,3,400000.000000,0.400000,5.95357526e-02,2.79420581e+00,5.02957028e-03,8.44798304e-02
161,1.62623995e-03,2.00246366e-03,inf,1.98575128e-02,4,500000.000000,0.350000,6.22646433e-02,nan,nan,nan
162,1.54274124e-03,1.96296799e-03,inf,1.65248439e-02,4,500000.000000,0.350000,5.58857201e-02,nan,nan,nan
163,1.61878133e-03,1.94568682e-03,inf,1.50462072e-02,4,500000.000000,0.350000,6.01716590e-02,nan,nan,nan
164,1.40763193e-03,2.05509231e-03,inf,1.81880258e-02,4,500000.000000,0.350000,5.58382298e-02,1.60495369e+01,2.88891705e-02,5.17372607e-01
165,1.31277522e-03,1.93064851e-03,inf,3.96794602e-02,4,500000.000000,0.350000,5.27284538e-02,nan,nan,nan
166,1.46890058e-03,1.77637901e-03,inf,1.97660737e-02,4,500000.000000,0.350000,5.92511075e-02,nan,nan,nan
167,1.36248972e-03,1.77722388e-03,inf,2.68628709e-02,4,500000.000000,0.350000,5.33866169e-02,nan,nan,nan
168,1.33581720e-03,2.16686179e-03,inf,2.46054381e-02,4,500000.000000,0.350000,5.32015419e-02,1.66511225e+01,2.99720232e-02,5.63367565e-01
169,1.64597738e-03,1.79772105e-03,inf,1.84652843e-02,4,500000.000000,0.350000,7.03957277e-02,nan,nan,nan
170,1.49155602e-03,2.94992870e-03,inf,3.95449772e-02,4,500000.000000,0.350000,6.00684176e-02,nan,nan,nan
171,1.57568498e-03,1.92044738e-03,inf,6.43716827e-02,4,500000.000000,0.350000,7.25341997e-02,nan,nan,nan
172,2.46516861e-03,2.83800946e-03,inf,4.64651734e-02,4,500000.000000,0.350000,8.65820464e-02,2.70561982e+01,4.87011613e-02,5.62485681e-01
173,1.80216293e-03,1.84714923e-03,inf,1.46240424e-02,4,500000.000000,0.350000,6.78604503e-02,nan,nan,nan
174,1.33414591e-03,1.80000553e-03,inf,1.76068936e-02,4,500000.000000,0.350000,5.20521332e-02,nan,nan,nan
175,1.30751867e-03,1.80284276e-03,inf,2.21089460e-02,4,500000.000000,0.350000,4.94477233e-02,nan,nan,nan
176,1.24687182e-03,1.78737566e-03,inf,2.22684853e-02,4,500000.000000,0.350000,5.34413118e-02,1.34855714e+01,2.42740268e-02,4.54218393e-01
177,1.36620793e-03,2.17748606e-03,inf,2.08728071e-02,4,500000.000000,0.350000,5.66902505e-02,nan,nan,nan
178,1.36393353e-03,2.16912417e-03,inf,3.78545225e-02,4,500000.000000,0.350000,6.13035024e-02,nan,nan,nan
179,1.63832407e-03,5.63273169e-03,inf,3.41251753e-02,4,500000.000000,0.350000,6.64877750e-02,nan,nan,nan
180,1.85709705e-03,1.71376545e-03,inf,1.39687601e-02,4,500000.000000,0.350000,7.62138781e-02,5.39782606e+00,9.71608742e-03,1.27484490e-01
181,1.27293342e-03,1.94383737e-03,inf,2.69033313e-02,4,500000.000000,0.350000,4.90529739e-02,nan,nan,nan
182,1.25206922e-03,2.09947728e-03,inf,6.50516897e-02,4,500000.000000,0.350000,5.43943818e-02,nan,nan,nan
183,1.26622643e-03,1.98377938e-03,inf,2.56407857e-02,4,500000.000000,0.350000,5.44918313e-02,nan,nan,nan
184,1.49720499e-03,2.08534440e-03,inf,2.87638865e-02,4,500000.000000,0.350000,6.40507587e-02,1.10835216e+01,1.99503407e-02,3.11477039e-01
185,1.48698255e-03,2.86421546e-03,inf,4.58914451e-02,4,500000.000000,0.350000,6.68884596e-02,nan,nan,nan
186,1.63808104e-03,2.11318837e-03,inf,1.44796148e-02,4,500000.000000,0.350000,6.88348753e-02,nan,nan,nan
187,1.47976339e-03,1.62802408e-03,inf,1.60633065e-02,4,500000.000000,0.350000,6.58149811e-02,nan,nan,nan
188,1.11182520e-03,2.13651928e-03,inf,3.86454910e-02,4,500000.000000,0.350000,4.61395393e-02,2.40423922e+01,4.32763071e-02,9.37944066e-01
189,1.15572827e-03,1.78931586e-03,inf,1.21779395e-02,4,500000.000000,0.350000,5.02771806e-02,nan,nan,nan
190,1.88455585e-03,1.85317913e-03,inf,3.72255892e-02,4,500000.000000,0.350000,7.84516166e-02,nan,nan,nan
191,1.26935395e-03,1.75610487e-03,inf,2.76574437e-02,4,500000.000000,0.350000,5.72021567e-02,nan,nan,nan
192,1.49893996e-03,1.89627944e-03,inf,1.96370464e-02,4,500000.000000,0.350000,6.10731042e-02,1.38940257e+01,2.50092441e-02,4.09496855e-01
193,1.15797883e-03,1.68494225e-03,inf,1.38413114e-02,4,500000.000000,0.350000,4.74739113e-02,nan,nan,nan
194,1.44275343e-03,1.88820698e-03,inf,1.95088051e-02,4,500000.000000,0.350000,6.03700019e-02,nan,nan,nan
195,1.95352180e-03,1.68539229e-03,inf,1.12057133e-02,4,500000.000000,0.350000,7.33150440e-02,nan,nan,nan
196,1.41406181e-03,1.96916498e-03,inf,2.46998370e-02,4,500000.000000,0.350000,6.31702500e-02,1.39584049e+01,2.51251317e-02,3.97736777e-01
197,1.24718186e-03,1.83423186e-03,inf,1.38409706e-02,4,500000.000000,0.350000,5.24782161e-02,nan,nan,nan
198,1.16091288e-03,2.57148170e-03,inf,3.19310427e-02,4,500000.000000,0.350000,5.09903945e-02,nan,nan,nan
199,1.26158890e-03,1.79066249e-03,inf,1.70840099e-02,4,500000.000000,0.350000,5.98354984e-02,nan,nan,nan
200,1.45695564e-03,3.09308242e-03,inf,9.19027627e-02,4,500000.000000,0.350000,6.45235918e-02,2.78070049e+01,5.00526140e-02,7.75725786e-01
201,1.44882798e-03,1.69179335e-03,inf,2.92959455e-02,5,600000.000000,0.350000,6.55599911e-02,nan,nan,nan
202,1.30135108e-03,1.87702974e-03,inf,6.30086213e-02,5,600000.000000,0.350000,6.05106557e-02,nan,nan,nan
203,1.49915045e-03,2.13859139e-03,inf,8.15508813e-02,5,600000.000000,0.350000,6.45048164e-02,nan,nan,nan
204,1.45133392e-03,2.82775516e-03,inf,8.91465545e-02,5,600000.000000,0.350000,6.71560816e-02,1.54117154e+01,2.77410813e-02,4.13083680e-01
205,1.79648477e-03,1.79997737e-03,inf,3.70576270e-02,5,600000.000000,0.350000,7.10373349e-02,nan,nan,nan
206,1.28030040e-03,3.69869542e-03,inf,4.61711101e-02,5,600000.000000,0.350000,6.06930556e-02,nan,nan,nan
207,1.44099937e-03,1.66037700e-03,inf,3.89801115e-02,5,600000.000000,0.350000,7.01951376e-02,nan,nan,nan
208,1.33778766e-03,1.78050827e-03,inf,3.88035551e-02,5,600000.000000,0.350000,5.43546740e-02,2.60925813e+01,4.69666415e-02,8.64077328e-01
209,1.42280902e-03,1.94151157e-03,inf,3.75981107e-02,5,600000.000000,0.350000,5.98425992e-02,nan,nan,nan
210,1.21486327e-03,1.62451607e-03,inf,4.05840091e-02,5,600000.000000,0.350000,5.77490078e-02,nan,nan,nan
211,1.19241945e-03,1.83871659e-03,inf,3.92638184e-02,5,600000.000000,0.350000,5.67050532e-02,nan,nan,nan
212,1.12774156e-03,1.62010781e-03,inf,3.00165750e-02,5,600000.000000,0.350000,4.81664139e-02,1.29939104e+01,2.33890382e-02,4.85588116e-01
213,1.11416463e-03,1.95242785e-03,inf,5.73387146e-02,5,600000.000000,0.350000,5.26076999e-02,nan,nan,nan
214,1.16831988e-03,1.94842949e-03,inf,4.07275148e-02,5,600000.000000,0.350000,5.30870028e-02,nan,nan,nan
215,1.45391646e-03,2.13253534e-03,inf,2.70995405e-02,5,600000.000000,0.350000,6.65193983e-02,nan,nan,nan
216,1.39441204e-03,1.58888134e-03,inf,3.74594927e-02,5,600000.000000,0.350000,6.53145854e-02,1.05188270e+01,1.89338881e-02,2.89887596e-01
217,1.10017287e-03,5.93915186e-03,inf,1.56524494e-01,5,600000.000000,0.350000,4.92019134e-02,nan,nan,nan
218,1.63244648e-03,2.26819342e-03,inf,3.23992781e-02,5,600000.000000,0.350000,7.66667876e-02,nan,nan,nan
219,1.16440581e-03,1.67325019e-03,inf,3.97540964e-02,5,600000.000000,0.350000,6.05583763e-02,nan,nan,nan
220,1.16373120e-03,1.54571286e-03,inf,2.65468396e-02,5,600000.000000,0.350000,5.71919455e-02,1.23812803e+01,2.22863127e-02,3.89675722e-01
221,1.35181193e-03,1.75373499e-03,inf,3.42264399e-02,5,600000.000000,0.350000,6.00288862e-02,nan,nan,nan
222,1.15605437e-03,1.72632966e-03,inf,4.14294228e-02,5,600000.000000,0.350000,5.01591715e-02,nan,nan,nan
223,1.22586167e-03,1.70120618e-03,inf,3.09168957e-02,5,600000.000000,0.350000,5.72415514e-02,nan,nan,nan
224,1.08840704e-03,1.79430104e-03,inf,2.97843758e-02,5,600000.000000,0.350000,5.27797959e-02,8.61233325e+00,1.55022036e-02,2.93714732e-01
225,9.93553890e-04,1.67312352e-03,inf,3.50764133e-02,5,600000.000000,0.350000,4.88077450e-02,nan,nan,nan
226,1.04184467e-03,1.60387405e-03,inf,4.15112451e-02,5,600000.000000,0.350000,5.12249338e-02,nan,nan,nan
227,1.22671716e-03,1.70679937e-03,inf,3.52932736e-02,5,600000.000000,0.350000,6.02840482e-02,nan,nan,nan
228,1.26088475e-03,1.63365288e-03,inf,4.40716743e-02,5,600000.000000,0.350000,6.12791849e-02,1.10921875e+01,1.99659363e-02,3.25819221e-01
229,1.38502818e-03,1.59717874e-03,inf,4.30401526e-02,5,600000.000000,0.350000,6.48241904e-02,nan,nan,nan
230,1.11290668e-03,1.82615073e-03,inf,5.67144156e-02,5,600000.000000,0.350000,5.30232134e-02,nan,nan,nan
231,1.51719077e-03,1.86320530e-03,inf,2.91358419e-02,5,600000.000000,0.350000,7.32818238e-02,nan,nan,nan
232,1.10791749e-03,1.87895884e-03,inf,4.36610058e-02,5,600000.000000,0.350000,5.08693946e-02,1.22310818e+01,2.20159508e-02,4.32793646e-01
233,1.08626454e-03,2.47537606e-03,inf,3.58073488e-02,5,600000.000000,0.350000,5.70350549e-02,nan,nan,nan
234,1.86504116e-03,1.86348167e-03,inf,3.98244336e-02,5,600000.000000,0.350000,8.74819946e-02,nan,nan,nan
235,1.22445978e-03,1.76064449e-03,inf,4.31436487e-02,5,600000.000000,0.350000,5.78729875e-02,nan,nan,nan
236,1.43239029e-03,1.59159353e-03,inf,3.35967913e-02,5,600000.000000,0.350000,6.80107766e-02,1.99580647e+01,3.59245137e-02,5.28217960e-01
237,1.20109796e-03,1.65955498e-03,inf,3.35250758e-02,5,600000.000000,0.350000,5.53387828e-02,nan,nan,nan
238,1.24287860e-03,1.72444122e-03,inf,4.68429588e-02,5,600000.000000,0.350000,6.20318066e-02,nan,nan,nan
239,9.90066939e-04,1.67096788e-03,inf,5.14274016e-02,5,600000.000000,0.350000,5.13621562e-02,nan,nan,nan
240,9.83545904e-04,1.50422102e-03,inf,4.12696004e-02,5,600000.000000,0.350000,5.23415886e-02,1.50925456e+01,2.71665810e-02,5.19024770e-01
241,9.79156017e-04,1.56783350e-03,inf,3.81760783e-02,6,700000.000000,0.300000,4.95917848e-02,nan,nan,nan
242,1.02993018e-03,1.52520560e-03,inf,3.94772515e-02,6,700000.000000,0.300000,4.72040640e-02,nan,nan,nan
243,9.99810566e-04,1.57730186e-03,inf,5.50443940e-02,6,700000.000000,0.300000,5.41874080e-02,nan,nan,nan
244,1.15201435e-03,1.69150217e-03,inf,4.51154523e-02,6,700000.000000,0.300000,5.42033573e-02,4.11164766e+00,7.40096389e-03,1.36540691e-01
245,1.43481428e-03,1.65435237e-03,inf,7.71831349e-02,6,700000.000000,0.300000,6.12214279e-02,nan,nan,nan
246,1.39492920e-03,1.91756551e-03,inf,1.66180044e-01,6,700000.000000,0.300000,7.18274647e-02,nan,nan,nan
247,1.01692043e-03,1.85501623e-03,inf,5.96946552e-02,6,700000.000000,0.300000,5.05448726e-02,nan,nan,nan
248,1.14323218e-03,1.68312681e-03,inf,5.31752519e-02,6,700000.000000,0.300000,5.70857440e-02,1.68670915e+01,3.03607593e-02,5.31844856e-01
249,9.65702380e-04,1.62852612e-03,inf,4.05609980e-02,6,700000.000000,0.300000,4.84443859e-02,nan,nan,nan
250,1.04671254e-03,1.53276584e-03,inf,1.04720749e-01,6,700000.000000,0.300000,5.30287820e-02,nan,nan,nan
251,9.96058904e-04,1.66088201e-03,inf,5.10553122e-02,6,700000.000000,0.300000,5.47644174e-02,nan,nan,nan
252,1.09018090e-03,1.68858391e-03,inf,7.93868974e-02,6,700000.000000,0.300000,5.56860581e-02,1.15542743e+01,2.07976918e-02,3.73481128e-01
253,1.26826953e-03,1.71573642e-03,inf,7.70045072e-02,6,700000.000000,0.300000,5.72540946e-02,nan,nan,nan
254,1.25154130e-03,1.61017334e-03,inf,4.07957919e-02,6,700000.000000,0.300000,6.09594734e-02,nan,nan,nan
255,1.05854731e-03,1.77563622e-03,inf,4.24387231e-02,6,700000.000000,0.300000,5.41346830e-02,nan,nan,nan
256,1.12849061e-03,1.48693006e-03,inf,8.03543478e-02,6,700000.000000,0.300000,5.65135446e-02,1.09781087e+01,1.97606052e-02,3.49661401e-01
257,1.36986142e-03,1.52595259e-03,inf,4.82069030e-02,6,700000.000000,0.300000,6.61810674e-02,nan,nan,nan
258,9.90372789e-04,1.59973537e-03,inf,5.45802824e-02,6,700000.000000,0.300000,5.04305431e-02,nan,nan,nan
259,1.06322412e-03,1.56548779e-03,inf,4.00362499e-02,6,700000.000000,0.300000,5.86925720e-02,nan,nan,nan
260,9.17486580e-04,1.49848623e-03,inf,5.08299395e-02,6,700000.000000,0.300000,4.49369503e-02,9.22699865e+00,1.66085976e-02,3.69597790e-01
261,1.01207697e-03,1.58955704e-03,inf,7.15113133e-02,6,700000.000000,0.300000,5.69024713e-02,nan,nan,nan
262,1.24324882e-03,2.04175483e-03,inf,4.21056673e-02,6,700000.000000,0.300000,6.25935835e-02,nan,nan,nan
263,1.22614067e-03,1.69784889e-03,inf,5.70973083e-02,6,700000.000000,0.300000,7.28192656e-02,nan,nan,nan
264,1.04551674e-03,1.53621800e-03,inf,3.72356549e-02,6,700000.000000,0.300000,5.36427480e-02,4.45802929e+00,8.02445126e-03,1.49590607e-01
265,9.72421237e-04,1.54036229e-03,inf,4.50905859e-02,6,700000.000000,0.300000,5.35517753e-02,nan,nan,nan
266,1.47106292e-03,1.68818371e-03,inf,5.35132810e-02,6,700000.000000,0.300000,6.66845751e-02,nan,nan,nan
267,9.41147706e-04,1.62098470e-03,inf,4.16045561e-02,6,700000.000000,0.300000,4.44029203e-02,nan,nan,nan
268,1.00712015e-03,1.53050477e-03,inf,4.71414551e-02,6,700000.000000,0.300000,5.55899231e-02,3.50422341e+00,6.30760189e-03,1.13466642e-01
269,8.65313447e-04,1.54295512e-03,inf,5.43107018e-02,6,700000.000000,0.300000,4.56562804e-02,nan,nan,nan
270,9.02091132e-04,1.68788046e-03,inf,7.74646699e-02,6,700000.000000,0.300000,4.70841673e-02,nan,nan,nan
271,1.32258188e-03,1.73910879e-03,inf,5.13116196e-02,6,700000.000000,0.300000,6.45389946e-02,nan,nan,nan
272,1.04290080e-03,1.84225205e-03,inf,4.86709848e-02,6,700000.000000,0.300000,5.88263085e-02,9.89557715e+00,1.78120379e-02,3.02790339e-01
273,9.78813102e-04,1.50498549e-03,inf,5.37458546e-02,6,700000.000000,0.300000,5.32271363e-02,nan,nan,nan
274,1.02868703e-03,1.52855649e-03,inf,5.65162823e-02,6,700000.000000,0.300000,5.50305466e-02,nan,nan,nan
275,9.41021126e-04,1.62294756e-03,inf,5.82313016e-02,6,700000.000000,0.300000,5.10749808e-02,nan,nan,nan
276,9.41065209e-04,1.45800411e-03,inf,5.55323064e-02,6,700000.000000,0.300000,5.44511342e-02,8.06170848e+00,1.45110774e-02,2.66497248e-01
277,8.88182920e-04,2.65530924e-03,inf,5.72458506e-02,6,700000.000000,0.300000,4.84466620e-02,nan,nan,nan
278,1.16679724e-03,1.97474742e-03,inf,7.96368271e-02,6,700000.000000,0.300000,6.72858547e-02,nan,nan,nan
279,1.28172295e-03,1.57979319e-03,inf,4.07789126e-02,6,700000.000000,0.300000,6.73596633e-02,nan,nan,nan
280,9.06925168e-04,1.53598356e-03,inf,5.59491217e-02,6,700000.000000,0.300000,5.31421758e-02,1.37136565e+01,2.46845776e-02,4.64500695e-01
281,9.69255929e-04,2.09184079e-03,inf,7.46132657e-02,6,700000.000000,0.300000,5.34130136e-02,nan,nan,nan
282,1.11275317e-03,1.47997101e-03,inf,6.77320585e-02,6,700000.000000,0.300000,6.12090194e-02,nan,nan,nan
283,1.07404866e-03,1.51051980e-03,inf,4.95613813e-02,6,700000.000000,0.300000,5.65740690e-02,nan,nan,nan
284,9.40837747e-04,1.48101387e-03,inf,6.73523694e-02,6,700000.000000,0.300000,5.60281640e-02,1.30019872e+01,2.34035770e-02,4.17710938e-01
285,1.17409830e-03,1.81623214e-03,inf,7.59837776e-02,6,700000.000000,0.300000,6.51384782e-02,nan,nan,nan
286,9.71712551e-04,1.70605779e-03,inf,9.44672972e-02,6,700000.000000,0.300000,4.94706797e-02,nan,nan,nan
287,1.00067502e-03,1.62691806e-03,inf,1.00416884e-01,6,700000.000000,0.300000,5.65193689e-02,nan,nan,nan
288,9.56884834e-04,1.56471043e-03,inf,5.49528189e-02,6,700000.000000,0.300000,5.48175224e-02,6.37412987e+00,1.14734317e-02,2.09302267e-01
289,8.36846912e-04,1.76069121e-03,inf,4.95288596e-02,6,700000.000000,0.300000,4.58374333e-02,nan,nan,nan
290,1.00273192e-03,1.53143601e-03,inf,3.76507193e-02,6,700000.000000,0.300000,5.69709582e-02,nan,nan,nan
291,1.04832192e-03,1.66325936e-03,inf,7.38978609e-02,6,700000.000000,0.300000,5.83648561e-02,nan,nan,nan
292,9.25522809e-04,1.46117718e-03,inf,5.10483757e-02,6,700000.000000,0.300000,5.17179623e-02,8.59954294e+00,1.54791754e-02,2.99299794e-01
293,9.31563722e-04,1.49501417e-03,inf,5.79424500e-02,6,700000.000000,0.300000,5.60140177e-02,nan,nan,nan
294,8.30366018e-04,1.49047799e-03,inf,4.68972400e-02,6,700000.000000,0.300000,4.50694201e-02,nan,nan,nan
295,9.39879188e-04,1.68721031e-03,inf,5.06094284e-02,6,700000.000000,0.300000,5.17980183e-02,nan,nan,nan
296,1.16108209e-03,1.60466751e-03,inf,8.99737403e-02,6,700000.000000,0.300000,6.55206648e-02,2.16126592e+01,3.89027929e-02,5.93748447e-01
297,1.34846440e-03,1.54109624e-03,inf,7.54717961e-02,6,700000.000000,0.300000,7.13394296e-02,nan,nan,nan
298,9.67185654e-04,1.46301352e-03,inf,5.31974547e-02,6,700000.000000,0.300000,5.44699443e-02,nan,nan,nan
299,8.90738760e-04,1.55761676e-03,inf,7.70749152e-02,6,700000.000000,0.300000,5.08104654e-02,nan,nan,nan
300,1.06194092e-03,1.82786616e-03,inf,6.06585369e-02,6,700000.000000,0.300000,5.53896814e-02,1.05201005e+01,1.89361805e-02,3.41871989e-01
301,9.16176486e-04,1.66321008e-03,inf,4.70353626e-02,0,,,5.38862853e-02,nan,nan,nan
302,1.51801884e-03,1.86769215e-03,inf,3.47065292e-02,0,,,7.55929267e-02,nan,nan,nan
303,1.18037473e-03,2.51387679e-03,inf,3.65821309e-02,0,,,5.93932992e-02,nan,nan,nan
304,1.25342643e-03,1.52380467e-03,inf,4.65605669e-02,0,,,6.61320618e-02,8.18487966e+00,1.47327819e-02,2.22778203e-01
305,8.22054773e-04,1.56616654e-03,inf,4.96963933e-02,0,,,4.40612575e-02,nan,nan,nan
306,8.18657804e-04,1.43893544e-03,inf,3.25035341e-02,0,,,4.84839580e-02,nan,nan,nan
307,8.71425230e-04,1.39237707e-03,inf,4.90007773e-02,0,,,5.27724944e-02,nan,nan,nan
308,9.08285254e-04,1.39250008e-03,inf,6.20847121e-02,0,,,5.51177975e-02,1.12901612e+01,2.03222860e-02,3.68706424e-01
309,7.46351451e-04,1.56326282e-03,inf,5.04607074e-02,0,,,3.64920972e-02,nan,nan,nan
310,7.68321595e-04,1.61270996e-03,inf,5.46275154e-02,0,,,4.50310513e-02,nan,nan,nan
311,8.15538485e-04,1.40834544e-03,inf,4.02724482e-02,0,,,4.68430288e-02,nan,nan,nan
312,8.42928158e-04,1.52623060e-03,inf,5.37370034e-02,0,,,4.79666359e-02,5.66725291e+00,1.02010562e-02,2.12669829e-01
313,8.99429329e-04,1.55969187e-03,inf,3.69746387e-02,0,,,4.86337964e-02,nan,nan,nan
314,9.23468223e-04,1.55150942e-03,inf,2.61027962e-02,0,,,5.22185505e-02,nan,nan,nan
315,8.75677247e-04,1.63070372e-03,inf,6.55203536e-02,0,,,5.31212593e-02,nan,nan,nan
316,9.09533554e-04,1.39828537e-03,inf,4.69644479e-02,0,,,5.54871720e-02,5.92789457e+00,1.06702099e-02,1.92300481e-01
317,8.71934536e-04,1.60216452e-03,inf,5.10895550e-02,0,,,5.40255741e-02,nan,nan,nan
318,7.45236363e-04,1.36913135e-03,inf,5.19018881e-02,0,,,4.14264955e-02,nan,nan,nan
319,7.30615487e-04,1.44917408e-03,inf,6.65620938e-02,0,,,4.18280749e-02,nan,nan,nan
320,7.27336085e-04,1.44880900e-03,inf,4.32726331e-02,0,,,4.32412211e-02,1.00499632e+01,1.80899337e-02,4.18349279e-01
321,7.46159056e-04,1.36777622e-03,inf,3.45466956e-02,0,,,4.42302353e-02,nan,nan,nan
322,7.23511623e-04,1.41265790e-03,inf,3.52573395e-02,0,,,3.90596506e-02,nan,nan,nan
323,8.13768970e-04,1.29265493e-03,inf,4.81359661e-02,0,,,5.01797237e-02,nan,nan,nan
324,7.01559768e-04,1.53653621e-03,inf,4.74485978e-02,0,,,3.94215723e-02,1.55578326e+01,2.80041004e-02,7.10375024e-01
325,8.17642902e-04,1.30275258e-03,inf,6.00559637e-02,0,,,4.64103822e-02,nan,nan,nan
326,7.40490955e-04,1.37714061e-03,inf,5.11623137e-02,0,,,4.14533498e-02,nan,nan,nan
327,7.16089422e-04,1.28724274e-03,inf,3.64726111e-02,0,,,3.82759975e-02,nan,nan,nan
328,6.94571243e-04,1.36597310e-03,inf,5.99162579e-02,0,,,4.03466806e-02,1.09534210e+01,1.97161604e-02,4.88668710e-01
329,6.81846915e-04,1.31515463e-03,inf,3.36531587e-02,0,,,3.95357299e-02,nan,nan,nan
330,6.51360655e-04,1.35426372e-03,inf,5.60944602e-02,0,,,3.43847365e-02,nan,nan,nan
331,6.47843980e-04,1.30581270e-03,inf,5.18715680e-02,0,,,3.50024401e-02,nan,nan,nan
332,6.35564182e-04,1.32776999e-03,inf,3.63919474e-02,0,,,3.21244838e-02,5.00839617e+00,9.01511558e-03,2.80630675e-01
333,6.62206179e-04,1.30586502e-03,inf,2.79018693e-02,0,,,3.36098383e-02,nan,nan,nan
334,6.27908579e-04,1.33107842e-03,inf,8.61173496e-02,0,,,3.03483321e-02,nan,nan,nan
335,6.16196196e-04,1.27675904e-03,inf,4.21529934e-02,0,,,3.07163879e-02,nan,nan,nan
336,6.08064385e-04,1.27564482e-03,inf,5.58793731e-02,0,,,2.77105236e-02,7.57020280e+00,1.36263658e-02,4.91739744e-01
337,6.06134423e-04,1.30885376e-03,inf,2.49372423e-02,0,,,3.00873331e-02,nan,nan,nan
338,6.04192737e-04,1.27776336e-03,inf,5.33505380e-02,0,,,3.12777091e-02,nan,nan,nan
339,6.08817447e-04,1.23210487e-03,inf,4.50865999e-02,0,,,2.95324862e-02,nan,nan,nan
340,5.78922635e-04,1.28099027e-03,inf,4.13898155e-02,0,,,2.56992536e-02,5.81965325e+00,1.04753772e-02,4.07614065e-01
341,5.75723129e-04,1.22925903e-03,inf,2.94631068e-02,0,,,2.48309846e-02,nan,nan,nan
342,5.73508382e-04,1.25200333e-03,inf,3.22270505e-02,0,,,2.46691503e-02,nan,nan,nan
343,5.82979767e-04,1.24327578e-03,inf,2.41924915e-02,0,,,2.52785693e-02,nan,nan,nan
344,5.60896846e-04,1.21967776e-03,inf,3.60111371e-02,0,,,2.46164077e-02,4.90483057e+00,8.82869446e-03,3.58650806e-01
345,5.57530772e-04,1.23642601e-03,inf,5.22296354e-02,0,,,2.34025815e-02,nan,nan,nan
346,5.53267834e-04,1.21389225e-03,inf,4.78538200e-02,0,,,2.21953687e-02,nan,nan,nan
347,5.46758739e-04,1.19555414e-03,inf,4.85631451e-02,0,,,2.12652346e-02,nan,nan,nan
348,5.39462249e-04,1.21022594e-03,inf,3.94461378e-02,0,,,1.97352705e-02,6.85910809e+00,1.23463949e-02,6.25600490e-01
349,5.37909815e-04,1.20285489e-03,inf,5.46538159e-02,0,,,2.03750062e-02,nan,nan,nan
350,5.35398889e-04,1.20272812e-03,inf,4.12100703e-02,0,,,1.95368726e-02,nan,nan,nan
351,5.30941482e-04,1.19514352e-03,inf,3.00606247e-02,0,,,1.90767664e-02,nan,nan,nan
352,5.28101062e-04,1.19856835e-03,inf,4.07275148e-02,0,,,1.77045025e-02,5.00248623e+00,9.00447570e-03,5.08598065e-01
353,5.26391327e-04,1.20242564e-03,inf,2.58992072e-02,0,,,1.70623011e-02,nan,nan,nan
354,5.23474944e-04,1.19555534e-03,inf,4.30669226e-02,0,,,1.81684392e-02,nan,nan,nan
355,5.21219687e-04,1.19323220e-03,inf,4.03050855e-02,0,,,1.70553974e-02,nan,nan,nan
356,5.19760459e-04,1.18139097e-03,inf,5.69302514e-02,0,,,1.66619589e-02,5.04041865e+00,9.07275507e-03,5.44519112e-01
357,5.18537349e-04,1.19924327e-03,inf,4.52149995e-02,0,,,1.63178392e-02,nan,nan,nan
358,5.16678474e-04,1.19083851e-03,inf,6.23065121e-02,0,,,1.66028349e-02,nan,nan,nan
359,5.15812641e-04,1.19861913e-03,inf,4.43514474e-02,0,,,1.58953018e-02,nan,nan,nan
360,5.15994232e-04,1.18452233e-03,inf,4.70404662e-02,0,,,1.65586688e-02,5.60974474e+00,1.00975407e-02,6.09803895e-01
RUN_END 2026-08-04 05:31:45 total_time_s=18083.61
