
==========================================================================================
RUN_START 2026-08-04 01:00:07  r=9  device=cpu
LR=0.001  BATCH_SIZE=256
LAMBDA_ROLLOUT=0.0018  N_ROLLOUT_SIMS_PER_EPOCH=80
WARMUP_EPOCHS=40  V_CAPS=[200000, 300000, 400000, 500000, 600000, 700000]  VOL_STAGE_EPOCHS_LIST=[40, 40, 40, 40, 40, 60]
FRAC_NEW_BY_STAGE=[0.5, 0.45, 0.4, 0.35, 0.35, 0.3]
Ag-relative: LAMBDA_OVERPRED_AG=0.082  AG_REL_FLOOR_CM2=10.0
(rollout fn still uses AG_TOL_CM2=0.5 / AG_OVER_CAP_CM2=100.0 but train loop ignores hinge)
SIM_LOSS_CAP=0.033  (cap applies to rollout+Ag together)
==========================================================================================
epoch,train_loss,val_loss,best_val,roll_report_avg,Vstage,Vcap,frac_new,g1_mean,g_roll_unscaled,g_roll_scaled,ratio_scaledroll_to_g1mean
1,3.75707240e-02,2.03944095e-02,inf,0.00000000e+00,0,,,8.40281939e-02,nan,nan,nan
2,2.40070243e-02,1.52112338e-02,inf,0.00000000e+00,0,,,7.54163618e-02,nan,nan,nan
3,1.90314985e-02,1.13496742e-02,inf,0.00000000e+00,0,,,8.66907850e-02,nan,nan,nan
4,1.46317342e-02,9.42918875e-03,inf,0.00000000e+00,0,,,7.80424967e-02,nan,nan,nan
5,1.19592867e-02,8.02827947e-03,inf,0.00000000e+00,0,,,7.30361846e-02,nan,nan,nan
6,1.05359797e-02,7.53609047e-03,inf,0.00000000e+00,0,,,7.61866031e-02,nan,nan,nan
7,9.92026631e-03,6.90710220e-03,inf,0.00000000e+00,0,,,7.68070201e-02,nan,nan,nan
8,9.06681555e-03,6.80517307e-03,inf,0.00000000e+00,0,,,7.77295506e-02,nan,nan,nan
9,8.15894559e-03,1.08909753e-02,inf,0.00000000e+00,0,,,6.78104849e-02,nan,nan,nan
10,8.20144901e-03,5.87250075e-03,inf,0.00000000e+00,0,,,6.97506035e-02,nan,nan,nan
11,8.20927463e-03,6.24833189e-03,inf,0.00000000e+00,0,,,8.00178585e-02,nan,nan,nan
12,7.35036711e-03,5.58276066e-03,inf,0.00000000e+00,0,,,6.76515886e-02,nan,nan,nan
13,7.16721724e-03,7.30621713e-03,inf,0.00000000e+00,0,,,7.34114481e-02,nan,nan,nan
14,7.02854707e-03,5.26265964e-03,inf,0.00000000e+00,0,,,7.27044449e-02,nan,nan,nan
15,6.97797621e-03,5.24408779e-03,inf,0.00000000e+00,0,,,7.46147178e-02,nan,nan,nan
16,6.63139726e-03,8.05560087e-03,inf,0.00000000e+00,0,,,7.72401362e-02,nan,nan,nan
17,6.45053575e-03,5.03224843e-03,inf,0.00000000e+00,0,,,6.82399104e-02,nan,nan,nan
18,6.41554604e-03,5.44126483e-03,inf,0.00000000e+00,0,,,7.28037328e-02,nan,nan,nan
19,5.85301035e-03,4.98743168e-03,inf,0.00000000e+00,0,,,6.27229101e-02,nan,nan,nan
20,5.71124564e-03,4.66926747e-03,inf,0.00000000e+00,0,,,6.46006561e-02,nan,nan,nan
21,6.15449009e-03,5.67633728e-03,inf,0.00000000e+00,0,,,8.19266536e-02,nan,nan,nan
22,5.62319503e-03,4.40189552e-03,inf,0.00000000e+00,0,,,6.77153039e-02,nan,nan,nan
23,5.21921478e-03,6.81792184e-03,inf,0.00000000e+00,0,,,6.25793533e-02,nan,nan,nan
24,5.30958279e-03,4.26129940e-03,inf,0.00000000e+00,0,,,6.64110873e-02,nan,nan,nan
25,5.90958263e-03,4.00643281e-03,inf,0.00000000e+00,0,,,8.05047671e-02,nan,nan,nan
26,5.08450701e-03,4.60621403e-03,inf,0.00000000e+00,0,,,6.60527627e-02,nan,nan,nan
27,5.16011818e-03,4.01024717e-03,inf,0.00000000e+00,0,,,7.14554900e-02,nan,nan,nan
28,4.92388465e-03,3.88386827e-03,inf,0.00000000e+00,0,,,6.41951277e-02,nan,nan,nan
29,4.81203137e-03,4.66891370e-03,inf,0.00000000e+00,0,,,6.68422799e-02,nan,nan,nan
30,4.88634281e-03,4.33005479e-03,inf,0.00000000e+00,0,,,7.03007878e-02,nan,nan,nan
31,4.53886181e-03,3.68917621e-03,inf,0.00000000e+00,0,,,6.48273439e-02,nan,nan,nan
32,4.32440327e-03,3.71903018e-03,inf,0.00000000e+00,0,,,6.13098470e-02,nan,nan,nan
33,4.62024869e-03,3.72259871e-03,inf,0.00000000e+00,0,,,6.95735092e-02,nan,nan,nan
34,4.25041155e-03,3.68073216e-03,inf,0.00000000e+00,0,,,6.13333467e-02,nan,nan,nan
35,4.31256651e-03,3.60627070e-03,inf,0.00000000e+00,0,,,6.58241001e-02,nan,nan,nan
36,3.95731288e-03,3.51917871e-03,inf,0.00000000e+00,0,,,5.84564738e-02,nan,nan,nan
37,4.01406703e-03,5.72684363e-03,inf,0.00000000e+00,0,,,6.56747475e-02,nan,nan,nan
38,4.45271658e-03,3.60733607e-03,inf,0.00000000e+00,0,,,7.55322562e-02,nan,nan,nan
39,4.80657748e-03,4.10989737e-03,inf,0.00000000e+00,0,,,8.34440161e-02,nan,nan,nan
40,4.63368776e-03,4.08407104e-03,inf,0.00000000e+00,0,,,7.96976536e-02,nan,nan,nan
41,4.11033217e-03,3.97107953e-03,inf,1.44624067e-02,1,200000.000000,0.500000,6.54572172e-02,nan,nan,nan
42,3.63829155e-03,3.84678045e-03,inf,1.31915975e-02,1,200000.000000,0.500000,5.68890427e-02,nan,nan,nan
43,3.80955197e-03,4.12339633e-03,inf,8.89627822e-03,1,200000.000000,0.500000,6.71037576e-02,nan,nan,nan
44,3.67003754e-03,3.43427800e-03,inf,6.95801666e-03,1,200000.000000,0.500000,6.16896441e-02,2.14246365e+00,3.85643487e-03,6.25134888e-02
45,3.78055493e-03,3.51787331e-03,inf,7.91566353e-03,1,200000.000000,0.500000,6.70804554e-02,nan,nan,nan
46,3.56929627e-03,3.70597791e-03,inf,8.97240546e-03,1,200000.000000,0.500000,6.36846577e-02,nan,nan,nan
47,3.45477930e-03,3.28670258e-03,inf,6.14151405e-03,1,200000.000000,0.500000,6.06530462e-02,nan,nan,nan
48,3.38771346e-03,3.90648880e-03,inf,7.53943529e-03,1,200000.000000,0.500000,6.12530773e-02,2.29886281e+00,4.13795360e-03,6.75550320e-02
49,3.40704784e-03,3.83040157e-03,inf,1.40448939e-02,1,200000.000000,0.500000,6.47177267e-02,nan,nan,nan
50,4.69953672e-03,3.73718127e-03,inf,1.23855611e-02,1,200000.000000,0.500000,9.12257449e-02,nan,nan,nan
51,3.24923939e-03,3.48813434e-03,inf,4.90545388e-03,1,200000.000000,0.500000,5.90075850e-02,nan,nan,nan
52,3.51892374e-03,3.78557230e-03,inf,1.49635728e-02,1,200000.000000,0.500000,7.17313440e-02,3.61013591e+00,6.49824379e-03,9.05914128e-02
53,4.73836910e-03,4.17336026e-03,inf,2.71843374e-02,1,200000.000000,0.500000,9.25098947e-02,nan,nan,nan
54,3.71672996e-03,3.39255822e-03,inf,4.68740566e-03,1,200000.000000,0.500000,6.53288653e-02,nan,nan,nan
55,3.13245245e-03,3.83807232e-03,inf,5.81398001e-03,1,200000.000000,0.500000,5.76949917e-02,nan,nan,nan
56,3.49098845e-03,3.92614329e-03,inf,1.00631500e-02,1,200000.000000,0.500000,6.46944421e-02,3.83218212e+00,6.89792710e-03,1.06623179e-01
57,3.26733284e-03,3.17044112e-03,inf,5.57691883e-03,1,200000.000000,0.500000,6.47469700e-02,nan,nan,nan
58,3.06972069e-03,3.45510626e-03,inf,1.26088168e-02,1,200000.000000,0.500000,5.89387923e-02,nan,nan,nan
59,3.31543969e-03,3.14330480e-03,inf,5.04171290e-03,1,200000.000000,0.500000,6.77984783e-02,nan,nan,nan
60,3.03298458e-03,3.15320059e-03,inf,5.64620411e-03,1,200000.000000,0.500000,6.35622262e-02,2.14036122e+00,3.85264962e-03,6.06122512e-02
61,3.05257138e-03,3.09886850e-03,inf,4.87726461e-03,1,200000.000000,0.500000,6.35052736e-02,nan,nan,nan
62,2.97856059e-03,3.20688146e-03,inf,4.88483813e-03,1,200000.000000,0.500000,6.27171560e-02,nan,nan,nan
63,3.55510400e-03,3.39025974e-03,inf,1.00047383e-02,1,200000.000000,0.500000,7.55585390e-02,nan,nan,nan
64,2.92762546e-03,2.93082858e-03,inf,8.36079102e-03,1,200000.000000,0.500000,6.26534184e-02,5.21349667e+00,9.38429393e-03,1.49781036e-01
65,3.07828088e-03,2.85764303e-03,inf,6.72568148e-03,1,200000.000000,0.500000,7.01558042e-02,nan,nan,nan
66,2.63564354e-03,6.06001084e-03,inf,3.40927429e-02,1,200000.000000,0.500000,5.38708200e-02,nan,nan,nan
67,3.59946326e-03,2.87657751e-03,inf,4.48305625e-03,1,200000.000000,0.500000,8.31421288e-02,nan,nan,nan
68,3.29207294e-03,2.99381129e-03,inf,5.06181922e-03,1,200000.000000,0.500000,6.97308164e-02,1.43903030e+00,2.59025472e-03,3.71464849e-02
69,3.03283224e-03,3.05614218e-03,inf,1.95917152e-02,1,200000.000000,0.500000,6.69057245e-02,nan,nan,nan
70,3.02855368e-03,2.96828657e-03,inf,4.35344875e-03,1,200000.000000,0.500000,6.90202854e-02,nan,nan,nan
71,2.74381462e-03,3.11385820e-03,inf,7.21100112e-03,1,200000.000000,0.500000,6.14387184e-02,nan,nan,nan
72,2.94054465e-03,3.59188028e-03,inf,9.43085831e-03,1,200000.000000,0.500000,6.98035352e-02,5.10453218e+00,9.18815714e-03,1.31628822e-01
73,2.83282551e-03,3.13135009e-03,inf,6.38886821e-03,1,200000.000000,0.500000,6.26416759e-02,nan,nan,nan
74,2.72799961e-03,3.07090787e-03,inf,3.71040916e-03,1,200000.000000,0.500000,6.29317039e-02,nan,nan,nan
75,2.59473549e-03,3.00633259e-03,inf,8.33257381e-03,1,200000.000000,0.500000,6.02113003e-02,nan,nan,nan
76,2.73622298e-03,3.15233510e-03,inf,3.82583099e-03,1,200000.000000,0.500000,6.52784134e-02,1.87627175e+00,3.37728904e-03,5.17366900e-02
77,2.52400389e-03,3.03764255e-03,inf,4.00542002e-03,1,200000.000000,0.500000,5.72385766e-02,nan,nan,nan
78,2.78103299e-03,2.85800495e-03,inf,5.02081681e-03,1,200000.000000,0.500000,6.71266774e-02,nan,nan,nan
79,2.58972942e-03,2.72886541e-03,inf,4.40382073e-03,1,200000.000000,0.500000,6.24637625e-02,nan,nan,nan
80,3.38424194e-03,3.81047782e-03,inf,7.98039697e-03,1,200000.000000,0.500000,8.04641296e-02,4.22629957e+00,7.60733860e-03,9.45432286e-02
81,2.82371643e-03,3.43886706e-03,inf,1.36321262e-02,2,300000.000000,0.450000,6.49989342e-02,nan,nan,nan
82,3.02880029e-03,2.93407836e-03,inf,7.19853491e-03,2,300000.000000,0.450000,7.38598403e-02,nan,nan,nan
83,2.44899873e-03,2.80487786e-03,inf,6.33116951e-03,2,300000.000000,0.450000,5.77280086e-02,nan,nan,nan
84,2.37044836e-03,2.56700118e-03,inf,4.21220716e-03,2,300000.000000,0.450000,5.65946183e-02,2.05975254e+00,3.70755414e-03,6.55107190e-02
85,2.48611813e-03,3.19471645e-03,inf,5.30503597e-03,2,300000.000000,0.450000,5.95752736e-02,nan,nan,nan
86,2.66464820e-03,3.15021084e-03,inf,7.33064860e-03,2,300000.000000,0.450000,6.94254681e-02,nan,nan,nan
87,2.65355427e-03,2.95326437e-03,inf,5.91890048e-03,2,300000.000000,0.450000,6.80324172e-02,nan,nan,nan
88,2.53546478e-03,2.74986909e-03,inf,5.64906234e-03,2,300000.000000,0.450000,6.34183792e-02,4.86046924e+00,8.74884388e-03,1.37954391e-01
89,2.39654306e-03,2.52542197e-03,inf,5.43490378e-03,2,300000.000000,0.450000,5.87013756e-02,nan,nan,nan
90,2.25190287e-03,2.78810549e-03,inf,5.29422425e-03,2,300000.000000,0.450000,5.61109884e-02,nan,nan,nan
91,2.41818827e-03,2.89522607e-03,inf,5.66203985e-03,2,300000.000000,0.450000,6.56892477e-02,nan,nan,nan
92,2.21005081e-03,2.56731409e-03,inf,3.74812074e-03,2,300000.000000,0.450000,5.61596590e-02,2.21013382e+00,3.97824133e-03,7.08380606e-02
93,2.50168695e-03,2.90003292e-03,inf,7.08640600e-03,2,300000.000000,0.450000,6.91908307e-02,nan,nan,nan
94,2.31885679e-03,3.56949965e-03,inf,7.91275315e-03,2,300000.000000,0.450000,6.09366720e-02,nan,nan,nan
95,2.80393296e-03,2.85375075e-03,inf,5.85506251e-03,2,300000.000000,0.450000,7.43426172e-02,nan,nan,nan
96,2.61107198e-03,2.71683491e-03,inf,4.59174998e-03,2,300000.000000,0.450000,7.04869760e-02,2.07805753e+00,3.74050331e-03,5.30665879e-02
97,2.97231847e-03,2.55140628e-03,inf,5.48415910e-03,2,300000.000000,0.450000,7.61615426e-02,nan,nan,nan
98,2.40925194e-03,2.60613598e-03,inf,3.73909739e-03,2,300000.000000,0.450000,6.20729605e-02,nan,nan,nan
99,3.09006516e-03,2.46577089e-03,inf,6.39998401e-03,2,300000.000000,0.450000,7.19606231e-02,nan,nan,nan
100,2.23975325e-03,2.57124961e-03,inf,7.86885060e-03,2,300000.000000,0.450000,5.89741993e-02,7.03197512e+00,1.26575554e-02,2.14628694e-01
101,2.49755529e-03,3.04716426e-03,inf,6.56447792e-03,2,300000.000000,0.450000,6.56520846e-02,nan,nan,nan
102,2.49510060e-03,2.59048739e-03,inf,8.34870432e-03,2,300000.000000,0.450000,6.48310363e-02,nan,nan,nan
103,2.26321698e-03,2.89446613e-03,inf,1.43350884e-02,2,300000.000000,0.450000,6.20093647e-02,nan,nan,nan
104,2.60198784e-03,2.40652187e-03,inf,3.56829981e-03,2,300000.000000,0.450000,7.15927967e-02,1.41800676e+00,2.55241233e-03,3.56518037e-02
105,2.72551555e-03,6.51426267e-03,inf,4.48058024e-02,2,300000.000000,0.450000,7.08999148e-02,nan,nan,nan
106,2.84926784e-03,2.69432601e-03,inf,5.51270973e-03,2,300000.000000,0.450000,7.08638335e-02,nan,nan,nan
107,2.17315989e-03,2.61825604e-03,inf,5.65781677e-03,2,300000.000000,0.450000,5.77162323e-02,nan,nan,nan
108,2.02593254e-03,2.86123359e-03,inf,7.20527489e-03,2,300000.000000,0.450000,5.64162997e-02,2.48612334e+00,4.47502227e-03,7.93214426e-02
109,2.00445801e-03,2.34420289e-03,inf,3.83058051e-03,2,300000.000000,0.450000,5.47441173e-02,nan,nan,nan
110,2.08482042e-03,2.58572885e-03,inf,4.40371875e-03,2,300000.000000,0.450000,5.93604811e-02,nan,nan,nan
111,2.08027092e-03,2.50269531e-03,inf,1.44988326e-02,2,300000.000000,0.450000,6.10536597e-02,nan,nan,nan
112,1.99004595e-03,2.67360481e-03,inf,7.04753539e-03,2,300000.000000,0.450000,5.38202714e-02,4.68263697e+00,8.42874940e-03,1.56609195e-01
113,1.89051806e-03,2.56813303e-03,inf,5.72598074e-03,2,300000.000000,0.450000,5.36638157e-02,nan,nan,nan
114,2.36926269e-03,2.70822979e-03,inf,3.31974076e-03,2,300000.000000,0.450000,6.66385151e-02,nan,nan,nan
115,3.01864904e-03,2.37543939e-03,inf,3.61582870e-03,2,300000.000000,0.450000,7.74953811e-02,nan,nan,nan
116,2.01159793e-03,2.59288400e-03,inf,5.32425102e-03,2,300000.000000,0.450000,5.83022353e-02,2.80438530e+00,5.04789345e-03,8.65814736e-02
117,1.87215624e-03,2.49589449e-03,inf,4.12690081e-03,2,300000.000000,0.450000,4.91217910e-02,nan,nan,nan
118,1.94141861e-03,2.43604324e-03,inf,4.99191973e-03,2,300000.000000,0.450000,5.64701859e-02,nan,nan,nan
119,2.27395064e-03,2.45260192e-03,inf,4.18456737e-03,2,300000.000000,0.450000,6.53745584e-02,nan,nan,nan
120,2.44390141e-03,2.69259253e-03,inf,9.37820971e-03,2,300000.000000,0.450000,6.96069060e-02,3.15787218e+00,5.68416981e-03,8.16610036e-02
121,2.00321977e-03,2.56495095e-03,inf,7.69979740e-03,3,400000.000000,0.400000,5.89149221e-02,nan,nan,nan
122,1.94246054e-03,2.37300223e-03,inf,8.30156356e-03,3,400000.000000,0.400000,5.56915179e-02,nan,nan,nan
123,1.83598258e-03,2.33376304e-03,inf,7.06089288e-03,3,400000.000000,0.400000,5.62602171e-02,nan,nan,nan
124,1.82463366e-03,2.37780828e-03,inf,7.53923412e-03,3,400000.000000,0.400000,5.50439657e-02,3.20719752e+00,5.77295574e-03,1.04878994e-01
125,1.83840933e-03,2.13970788e-03,inf,8.65086261e-03,3,400000.000000,0.400000,5.68114674e-02,nan,nan,nan
126,1.97222515e-03,2.47945092e-03,inf,1.38061391e-02,3,400000.000000,0.400000,5.86327907e-02,nan,nan,nan
127,2.08925783e-03,2.47331682e-03,inf,6.15505967e-03,3,400000.000000,0.400000,6.59487771e-02,nan,nan,nan
128,2.46815460e-03,2.41510160e-03,inf,9.03937034e-03,3,400000.000000,0.400000,7.13331310e-02,7.79054404e+00,1.40229776e-02,1.96584355e-01
129,1.80719687e-03,2.35141368e-03,inf,4.76775737e-03,3,400000.000000,0.400000,5.37947699e-02,nan,nan,nan
130,2.03560970e-03,2.54513546e-03,inf,4.68294974e-03,3,400000.000000,0.400000,6.02007253e-02,nan,nan,nan
131,1.72115611e-03,2.46001637e-03,inf,6.55796984e-03,3,400000.000000,0.400000,5.44201923e-02,nan,nan,nan
132,1.87054896e-03,4.45181669e-03,inf,9.98729747e-03,3,400000.000000,0.400000,6.06102812e-02,9.29463064e+00,1.67303349e-02,2.76031303e-01
133,2.43815665e-03,2.63954773e-03,inf,6.59007113e-03,3,400000.000000,0.400000,7.45863657e-02,nan,nan,nan
134,1.88247046e-03,2.54745592e-03,inf,9.18790884e-03,3,400000.000000,0.400000,5.55665760e-02,nan,nan,nan
135,2.01781251e-03,2.17828240e-03,inf,5.26974071e-03,3,400000.000000,0.400000,6.23019219e-02,nan,nan,nan
136,1.91273735e-03,3.41586116e-03,inf,2.57692989e-02,3,400000.000000,0.400000,6.00170199e-02,1.29179789e+01,2.32523607e-02,3.87429445e-01
137,1.89634004e-03,2.29814694e-03,inf,6.95738941e-03,3,400000.000000,0.400000,5.93013214e-02,nan,nan,nan
138,2.38526663e-03,2.65562167e-03,inf,1.38172079e-02,3,400000.000000,0.400000,7.50611694e-02,nan,nan,nan
139,1.92201052e-03,2.62704596e-03,inf,9.54076275e-03,3,400000.000000,0.400000,5.91578691e-02,nan,nan,nan
140,1.99515535e-03,2.23285985e-03,inf,9.47837438e-03,3,400000.000000,0.400000,6.69916551e-02,5.71699680e+00,1.02905937e-02,1.53610084e-01
141,1.88381271e-03,2.15833476e-03,inf,4.52504354e-03,3,400000.000000,0.400000,6.24999754e-02,nan,nan,nan
142,1.64604395e-03,1.94181925e-03,inf,4.47017793e-03,3,400000.000000,0.400000,5.54269479e-02,nan,nan,nan
143,2.20093149e-03,2.91496267e-03,inf,1.11286864e-02,3,400000.000000,0.400000,6.80628393e-02,nan,nan,nan
144,2.32680265e-03,2.13816539e-03,inf,5.07532340e-03,3,400000.000000,0.400000,7.10028701e-02,6.48690645e+00,1.16764326e-02,1.64450149e-01
145,3.32571677e-03,2.71790492e-03,inf,6.76064333e-03,3,400000.000000,0.400000,9.26702339e-02,nan,nan,nan
146,1.77830785e-03,2.25660393e-03,inf,5.70805743e-03,3,400000.000000,0.400000,5.58262026e-02,nan,nan,nan
147,1.71710083e-03,2.14383656e-03,inf,5.61285112e-03,3,400000.000000,0.400000,5.53574467e-02,nan,nan,nan
148,1.69150097e-03,2.14591775e-03,inf,6.51766267e-03,3,400000.000000,0.400000,5.54787406e-02,2.75765119e+00,4.96377248e-03,8.94716142e-02
149,1.61121266e-03,2.10932958e-03,inf,4.41014860e-03,3,400000.000000,0.400000,5.30553062e-02,nan,nan,nan
150,1.52532753e-03,2.34136264e-03,inf,6.67549204e-03,3,400000.000000,0.400000,4.89434341e-02,nan,nan,nan
151,1.63688547e-03,2.18466854e-03,inf,1.24546178e-02,3,400000.000000,0.400000,5.72361887e-02,nan,nan,nan
152,1.64132355e-03,2.20884375e-03,inf,7.92600308e-03,3,400000.000000,0.400000,5.43682756e-02,6.66434636e+00,1.19958226e-02,2.20640115e-01
153,1.88243764e-03,2.82317038e-03,inf,1.72582678e-02,3,400000.000000,0.400000,6.21660185e-02,nan,nan,nan
154,1.88077220e-03,2.20090373e-03,inf,5.10588940e-03,3,400000.000000,0.400000,6.31670098e-02,nan,nan,nan
155,2.29126873e-03,2.14434823e-03,inf,6.60351524e-03,3,400000.000000,0.400000,7.21752384e-02,nan,nan,nan
156,1.75549453e-03,1.89112688e-03,inf,2.97426758e-03,3,400000.000000,0.400000,5.33987301e-02,2.10832667e+00,3.79498795e-03,7.10688801e-02
157,1.67654848e-03,2.04041110e-03,inf,7.88034685e-03,3,400000.000000,0.400000,5.58765379e-02,nan,nan,nan
158,1.56968148e-03,2.12873624e-03,inf,4.76342998e-03,3,400000.000000,0.400000,5.36047395e-02,nan,nan,nan
159,1.70515443e-03,2.13017858e-03,inf,6.09437330e-03,3,400000.000000,0.400000,5.65989109e-02,nan,nan,nan
160,1.58819585e-03,2.46407779e-03,inf,8.43980256e-03,3,400000.000000,0.400000,5.30455841e-02,3.87184430e+00,6.96931926e-03,1.31383590e-01
161,1.63590791e-03,1.98011926e-03,inf,7.71768019e-03,4,500000.000000,0.350000,5.48496718e-02,nan,nan,nan
162,1.71229651e-03,2.12402399e-03,inf,1.47197451e-02,4,500000.000000,0.350000,6.00061717e-02,nan,nan,nan
163,1.62426687e-03,2.01046261e-03,inf,8.39616451e-03,4,500000.000000,0.350000,5.68639441e-02,nan,nan,nan
164,1.68916843e-03,3.41374133e-03,inf,2.97676716e-02,4,500000.000000,0.350000,6.19506483e-02,6.03570701e+00,1.08642726e-02,1.75369796e-01
165,2.44629635e-03,2.78859370e-03,inf,1.60023235e-02,4,500000.000000,0.350000,7.99026110e-02,nan,nan,nan
166,2.02209106e-03,2.06124623e-03,inf,8.01200606e-03,4,500000.000000,0.350000,6.60455644e-02,nan,nan,nan
167,1.46369918e-03,2.20398381e-03,inf,1.05436798e-02,4,500000.000000,0.350000,5.24526299e-02,nan,nan,nan
168,1.53425778e-03,2.06907027e-03,inf,9.90540255e-03,4,500000.000000,0.350000,5.35925975e-02,3.93158669e+00,7.07685515e-03,1.32049116e-01
169,1.45740994e-03,2.07282410e-03,inf,9.67492349e-03,4,500000.000000,0.350000,4.94438323e-02,nan,nan,nan
170,1.42337756e-03,2.01622024e-03,inf,1.14560854e-02,4,500000.000000,0.350000,5.20741947e-02,nan,nan,nan
171,1.57636018e-03,1.95791419e-03,inf,9.71943047e-03,4,500000.000000,0.350000,5.62537181e-02,nan,nan,nan
172,1.43917939e-03,1.86212227e-03,inf,1.12737371e-02,4,500000.000000,0.350000,5.67857508e-02,7.22537372e+00,1.30056730e-02,2.29030573e-01
173,1.44550505e-03,2.41855439e-03,inf,2.32839193e-02,4,500000.000000,0.350000,5.35810461e-02,nan,nan,nan
174,1.81207773e-03,1.85834736e-03,inf,5.58375474e-03,4,500000.000000,0.350000,6.21083654e-02,nan,nan,nan
175,2.36782719e-03,2.07851214e-03,inf,1.03005711e-02,4,500000.000000,0.350000,7.74961319e-02,nan,nan,nan
176,1.56000327e-03,2.41101739e-03,inf,1.21216075e-02,4,500000.000000,0.350000,5.40209905e-02,7.37897907e+00,1.32821611e-02,2.45870373e-01
177,1.74741046e-03,2.11224009e-03,inf,1.26356166e-02,4,500000.000000,0.350000,6.32405221e-02,nan,nan,nan
178,1.39477597e-03,2.08195305e-03,inf,1.08194500e-02,4,500000.000000,0.350000,5.12036427e-02,nan,nan,nan
179,1.53406013e-03,2.38016033e-03,inf,1.10784071e-02,4,500000.000000,0.350000,5.97664655e-02,nan,nan,nan
180,1.48917450e-03,1.87911824e-03,inf,6.87976554e-03,4,500000.000000,0.350000,5.79545524e-02,5.22567713e+00,9.40621761e-03,1.62303343e-01
181,1.42997651e-03,2.03880860e-03,inf,1.04443450e-02,4,500000.000000,0.350000,5.04373527e-02,nan,nan,nan
182,1.38000140e-03,1.88956924e-03,inf,1.13623384e-02,4,500000.000000,0.350000,5.04100236e-02,nan,nan,nan
183,1.30243638e-03,1.93933889e-03,inf,1.29783154e-02,4,500000.000000,0.350000,4.75510266e-02,nan,nan,nan
184,1.36412192e-03,2.00209874e-03,inf,1.03460755e-02,4,500000.000000,0.350000,5.16266167e-02,4.35205837e+00,7.83370566e-03,1.51737731e-01
185,1.39330234e-03,1.85938640e-03,inf,9.04112402e-03,4,500000.000000,0.350000,5.30872915e-02,nan,nan,nan
186,1.36133703e-03,1.78632818e-03,inf,9.27758031e-03,4,500000.000000,0.350000,4.86505283e-02,nan,nan,nan
187,1.34226886e-03,2.15821570e-03,inf,8.92657414e-03,4,500000.000000,0.350000,5.38363908e-02,nan,nan,nan
188,1.53451311e-03,4.15801333e-03,inf,6.19790554e-02,4,500000.000000,0.350000,6.35510975e-02,1.47814545e+01,2.66066210e-02,4.18665012e-01
189,2.42496003e-03,2.16365466e-03,inf,9.76913981e-03,4,500000.000000,0.350000,8.19488179e-02,nan,nan,nan
190,2.12014272e-03,2.00517344e-03,inf,1.38183581e-02,4,500000.000000,0.350000,7.45985223e-02,nan,nan,nan
191,1.37541011e-03,1.76168029e-03,inf,7.22881313e-03,4,500000.000000,0.350000,4.90922226e-02,nan,nan,nan
192,1.31368230e-03,1.94673068e-03,inf,6.99908286e-03,4,500000.000000,0.350000,4.86908723e-02,2.20563336e+00,3.97014038e-03,8.15376721e-02
193,1.27647863e-03,1.80499567e-03,inf,7.59339333e-03,4,500000.000000,0.350000,4.50722422e-02,nan,nan,nan
194,1.36846520e-03,2.37217503e-03,inf,3.83386314e-02,4,500000.000000,0.350000,5.51058921e-02,nan,nan,nan
195,1.40543332e-03,2.02785391e-03,inf,9.11061000e-03,4,500000.000000,0.350000,5.87346971e-02,nan,nan,nan
196,1.57123560e-03,2.08738443e-03,inf,9.14501958e-03,4,500000.000000,0.350000,6.20735654e-02,5.44676804e+00,9.80418355e-03,1.57944585e-01
197,1.50643633e-03,2.74940157e-03,inf,1.02514299e-02,4,500000.000000,0.350000,5.46433894e-02,nan,nan,nan
198,1.88328989e-03,2.08104739e-03,inf,2.39345543e-02,4,500000.000000,0.350000,7.28044616e-02,nan,nan,nan
199,1.45147953e-03,1.79626807e-03,inf,7.51137361e-03,4,500000.000000,0.350000,5.87971854e-02,nan,nan,nan
200,1.42931958e-03,1.77663805e-03,inf,1.14791319e-02,4,500000.000000,0.350000,5.59515310e-02,7.14976366e+00,1.28695756e-02,2.30012930e-01
201,1.23774046e-03,1.80761617e-03,inf,1.26926228e-02,5,600000.000000,0.350000,4.54665770e-02,nan,nan,nan
202,1.31705502e-03,1.88217093e-03,inf,2.31735148e-02,5,600000.000000,0.350000,5.22536791e-02,nan,nan,nan
203,1.29123844e-03,2.58632901e-03,inf,3.96304987e-02,5,600000.000000,0.350000,5.25788196e-02,nan,nan,nan
204,1.41370498e-03,1.94778669e-03,inf,2.63770483e-02,5,600000.000000,0.350000,5.50739364e-02,1.09258085e+01,1.96664536e-02,3.57091845e-01
205,1.42959889e-03,1.81269598e-03,inf,1.40054096e-02,5,600000.000000,0.350000,5.73284592e-02,nan,nan,nan
206,1.66304253e-03,2.46207335e-03,inf,3.05575132e-02,5,600000.000000,0.350000,6.33421839e-02,nan,nan,nan
207,1.49816398e-03,1.87034765e-03,inf,1.91887803e-02,5,600000.000000,0.350000,5.71582284e-02,nan,nan,nan
208,1.51404443e-03,2.27175783e-03,inf,2.70063989e-02,5,600000.000000,0.350000,6.01287383e-02,1.47012731e+01,2.64622913e-02,4.40093906e-01
209,1.49630068e-03,1.81003540e-03,inf,1.60003044e-02,5,600000.000000,0.350000,6.13342219e-02,nan,nan,nan
210,1.50922746e-03,2.06631044e-03,inf,1.71480514e-02,5,600000.000000,0.350000,6.28397754e-02,nan,nan,nan
211,1.38813103e-03,1.87161022e-03,inf,2.17307992e-02,5,600000.000000,0.350000,5.59109717e-02,nan,nan,nan
212,1.27690829e-03,1.87478682e-03,inf,1.84213128e-02,5,600000.000000,0.350000,4.99864080e-02,9.77084514e+00,1.75875247e-02,3.51846139e-01
213,1.25578284e-03,1.85418497e-03,inf,1.45235974e-02,5,600000.000000,0.350000,5.29811752e-02,nan,nan,nan
214,1.51796271e-03,1.76344106e-03,inf,1.74240656e-02,5,600000.000000,0.350000,6.03252819e-02,nan,nan,nan
215,1.24448378e-03,1.78682715e-03,inf,1.65094659e-02,5,600000.000000,0.350000,5.14551014e-02,nan,nan,nan
216,1.39972092e-03,1.92455433e-03,inf,1.38432411e-02,5,600000.000000,0.350000,5.55890473e-02,5.85388352e+00,1.05369895e-02,1.89551539e-01
217,1.35763159e-03,1.87485205e-03,inf,1.67611726e-02,5,600000.000000,0.350000,5.38001484e-02,nan,nan,nan
218,1.31869900e-03,2.01453059e-03,inf,1.95814427e-02,5,600000.000000,0.350000,5.44189141e-02,nan,nan,nan
219,1.26097470e-03,2.19161323e-03,inf,2.25434192e-02,5,600000.000000,0.350000,5.02660215e-02,nan,nan,nan
220,1.27275207e-03,1.67231020e-03,inf,1.43590374e-02,5,600000.000000,0.350000,5.24871791e-02,1.01001368e+01,1.81802477e-02,3.46375020e-01
221,1.18829132e-03,1.89782028e-03,inf,2.45741773e-02,5,600000.000000,0.350000,4.87060664e-02,nan,nan,nan
222,1.52950086e-03,2.07544672e-03,inf,1.69389024e-02,5,600000.000000,0.350000,6.30032106e-02,nan,nan,nan
223,1.53907587e-03,1.94076321e-03,inf,2.07819082e-02,5,600000.000000,0.350000,6.10435366e-02,nan,nan,nan
224,1.81592345e-03,1.73532784e-03,inf,1.46730198e-02,5,600000.000000,0.350000,7.48922632e-02,6.04837631e+00,1.08870767e-02,1.45369846e-01
225,1.48895837e-03,1.79606478e-03,inf,1.57949626e-02,5,600000.000000,0.350000,6.07259062e-02,nan,nan,nan
226,1.16146208e-03,2.71480637e-03,inf,1.02681480e-01,5,600000.000000,0.350000,4.50328493e-02,nan,nan,nan
227,1.34053480e-03,2.40056671e-03,inf,2.59277578e-02,5,600000.000000,0.350000,5.46562604e-02,nan,nan,nan
228,1.60071691e-03,1.91297744e-03,inf,1.85671635e-02,5,600000.000000,0.350000,7.02368919e-02,9.97093596e+00,1.79476830e-02,2.55530713e-01
229,1.18552529e-03,1.83365074e-03,inf,1.40186371e-02,5,600000.000000,0.350000,4.77634969e-02,nan,nan,nan
230,1.19900438e-03,2.20493232e-03,inf,2.77833045e-02,5,600000.000000,0.350000,5.06176127e-02,nan,nan,nan
231,1.16874224e-03,1.69673502e-03,inf,1.62163749e-02,5,600000.000000,0.350000,4.96906302e-02,nan,nan,nan
232,1.34011995e-03,2.15029891e-03,inf,2.16972698e-02,5,600000.000000,0.350000,5.64942893e-02,9.37543902e+00,1.68757894e-02,2.98716732e-01
233,1.76774685e-03,1.72760002e-03,inf,1.74677186e-02,5,600000.000000,0.350000,6.59045111e-02,nan,nan,nan
234,1.33077500e-03,2.49883002e-03,inf,3.00914459e-02,5,600000.000000,0.350000,5.50171632e-02,nan,nan,nan
235,1.26701135e-03,1.90905848e-03,inf,2.58359704e-02,5,600000.000000,0.350000,5.56095778e-02,nan,nan,nan
236,1.20587790e-03,2.18898246e-03,inf,2.44895089e-02,5,600000.000000,0.350000,5.02068242e-02,1.08517354e+01,1.95331245e-02,3.89053179e-01
237,1.35450834e-03,1.87350863e-03,inf,1.40359728e-02,5,600000.000000,0.350000,6.27911433e-02,nan,nan,nan
238,1.32343028e-03,1.69662469e-03,inf,1.87998824e-02,5,600000.000000,0.350000,5.62678546e-02,nan,nan,nan
239,1.10729753e-03,1.94743707e-03,inf,1.54938325e-02,5,600000.000000,0.350000,4.31302943e-02,nan,nan,nan
240,1.27311976e-03,2.07698615e-03,inf,1.86453480e-02,5,600000.000000,0.350000,5.61602907e-02,4.40040971e+00,7.92073787e-03,1.41038050e-01
241,1.21812598e-03,1.90335177e-03,inf,2.51160227e-02,6,700000.000000,0.300000,5.32987324e-02,nan,nan,nan
242,1.19344132e-03,1.54133914e-03,inf,2.88906209e-02,6,700000.000000,0.300000,5.35323297e-02,nan,nan,nan
243,1.38189842e-03,1.84691833e-03,inf,3.06824595e-02,6,700000.000000,0.300000,6.15829477e-02,nan,nan,nan
244,1.15320195e-03,1.72064539e-03,inf,2.40518935e-02,6,700000.000000,0.300000,5.00872106e-02,1.34288761e+01,2.41719777e-02,4.82597801e-01
245,1.09523613e-03,1.66494795e-03,inf,2.26630419e-02,6,700000.000000,0.300000,4.43285347e-02,nan,nan,nan
246,1.06459904e-03,1.53654509e-03,inf,2.26209480e-02,6,700000.000000,0.300000,4.36712371e-02,nan,nan,nan
247,1.39118766e-03,1.57329746e-03,inf,2.52946578e-02,6,700000.000000,0.300000,6.23725922e-02,nan,nan,nan
248,1.26596058e-03,1.56383142e-03,inf,1.99223496e-02,6,700000.000000,0.300000,5.88423444e-02,2.70039845e+00,4.86071632e-03,8.26057556e-02
249,1.22511839e-03,2.85938017e-03,inf,3.02685685e-02,6,700000.000000,0.300000,5.47142055e-02,nan,nan,nan
250,1.31811013e-03,1.71500176e-03,inf,2.95881424e-02,6,700000.000000,0.300000,5.44323649e-02,nan,nan,nan
251,1.35315281e-03,1.69635078e-03,inf,2.06504073e-02,6,700000.000000,0.300000,5.81923918e-02,nan,nan,nan
252,1.12510304e-03,1.53612533e-03,inf,2.04616077e-02,6,700000.000000,0.300000,4.87901343e-02,4.02605660e+00,7.24690484e-03,1.48532176e-01
253,1.15634877e-03,2.08886732e-03,inf,3.25221345e-02,6,700000.000000,0.300000,5.16941244e-02,nan,nan,nan
254,1.49514502e-03,2.25206152e-03,inf,2.71431208e-02,6,700000.000000,0.300000,6.27415670e-02,nan,nan,nan
255,1.42433260e-03,3.56838905e-03,inf,1.11100093e-01,6,700000.000000,0.300000,5.90736831e-02,nan,nan,nan
256,1.47525096e-03,1.55578428e-03,inf,2.47616470e-02,6,700000.000000,0.300000,6.55022654e-02,9.25836617e+00,1.66650597e-02,2.54419592e-01
257,1.29973813e-03,1.70221726e-03,inf,2.85849869e-02,6,700000.000000,0.300000,5.33123267e-02,nan,nan,nan
258,1.19799951e-03,1.69068451e-03,inf,3.02535780e-02,6,700000.000000,0.300000,5.19827501e-02,nan,nan,nan
259,1.23997650e-03,1.68116659e-03,inf,2.99795009e-02,6,700000.000000,0.300000,5.75271378e-02,nan,nan,nan
260,1.17050412e-03,1.47935380e-03,inf,2.13497821e-02,6,700000.000000,0.300000,4.77350948e-02,8.06862293e+00,1.45235210e-02,3.04252481e-01
261,1.13005568e-03,1.60815286e-03,inf,2.63684839e-02,6,700000.000000,0.300000,5.04801956e-02,nan,nan,nan
262,1.11360396e-03,1.76891482e-03,inf,2.79620476e-02,6,700000.000000,0.300000,4.98105035e-02,nan,nan,nan
263,1.20389366e-03,1.52714342e-03,inf,2.41196789e-02,6,700000.000000,0.300000,5.14978948e-02,nan,nan,nan
264,1.16540802e-03,1.76536591e-03,inf,2.21741609e-02,6,700000.000000,0.300000,5.16220650e-02,3.59306818e+00,6.46752154e-03,1.25285990e-01
265,1.04311565e-03,1.75613398e-03,inf,1.79887414e-02,6,700000.000000,0.300000,4.76452165e-02,nan,nan,nan
266,1.15714729e-03,1.74733610e-03,inf,2.51518898e-02,6,700000.000000,0.300000,5.04740381e-02,nan,nan,nan
267,1.20028246e-03,1.65705601e-03,inf,3.30770649e-02,6,700000.000000,0.300000,5.83908489e-02,nan,nan,nan
268,1.06945210e-03,2.90832807e-03,inf,2.44305264e-02,6,700000.000000,0.300000,4.95237450e-02,8.90910608e+00,1.60363921e-02,3.23812185e-01
269,1.49328561e-03,1.76653647e-03,inf,3.69116142e-02,6,700000.000000,0.300000,6.85260517e-02,nan,nan,nan
270,1.22976555e-03,1.56977743e-03,inf,2.99203247e-02,6,700000.000000,0.300000,5.69395369e-02,nan,nan,nan
271,1.07882864e-03,1.64030510e-03,inf,2.01767888e-02,6,700000.000000,0.300000,4.99282743e-02,nan,nan,nan
272,1.15191564e-03,1.57229261e-03,inf,3.74885164e-02,6,700000.000000,0.300000,5.41314052e-02,1.34535816e+01,2.42164416e-02,4.47363992e-01
273,1.12621531e-03,1.67626129e-03,inf,2.01223604e-02,6,700000.000000,0.300000,5.28139962e-02,nan,nan,nan
274,1.28320506e-03,1.71260992e-03,inf,3.31418440e-02,6,700000.000000,0.300000,5.58180522e-02,nan,nan,nan
275,1.04511685e-03,1.56075181e-03,inf,2.15272121e-02,6,700000.000000,0.300000,4.81477958e-02,nan,nan,nan
276,1.15844657e-03,1.65485350e-03,inf,2.58237869e-02,6,700000.000000,0.300000,5.70134991e-02,6.57672940e+00,1.18381126e-02,2.07637012e-01
277,1.09562786e-03,1.62939706e-03,inf,3.00302207e-02,6,700000.000000,0.300000,5.16813516e-02,nan,nan,nan
278,1.06423092e-03,2.01279356e-03,inf,3.01535428e-02,6,700000.000000,0.300000,5.09731896e-02,nan,nan,nan
279,1.13762270e-03,1.55283522e-03,inf,2.62864791e-02,6,700000.000000,0.300000,5.35423569e-02,nan,nan,nan
280,1.11933585e-03,3.56142076e-03,inf,4.24398296e-02,6,700000.000000,0.300000,5.40521549e-02,2.22771588e+01,4.00988840e-02,7.41855419e-01
281,1.29621936e-03,1.55887029e-03,inf,2.41231509e-02,6,700000.000000,0.300000,6.25046125e-02,nan,nan,nan
282,1.19609260e-03,2.04379104e-03,inf,3.24392021e-02,6,700000.000000,0.300000,5.46124959e-02,nan,nan,nan
283,1.08459028e-03,1.55974479e-03,inf,2.57950537e-02,6,700000.000000,0.300000,5.03740234e-02,nan,nan,nan
284,1.18968304e-03,1.58761773e-03,inf,2.71652434e-02,6,700000.000000,0.300000,5.56156207e-02,7.82980400e+00,1.40936423e-02,2.53411580e-01
285,1.11182120e-03,1.62367578e-03,inf,2.49748211e-02,6,700000.000000,0.300000,5.15511182e-02,nan,nan,nan
286,1.18309251e-03,1.43426139e-03,inf,3.55021395e-02,6,700000.000000,0.300000,4.96262835e-02,nan,nan,nan
287,1.04279166e-03,1.60638523e-03,inf,2.24142782e-02,6,700000.000000,0.300000,4.83268265e-02,nan,nan,nan
288,1.03188047e-03,1.59079816e-03,inf,3.19952257e-02,6,700000.000000,0.300000,4.83574673e-02,4.25433566e+00,7.65780551e-03,1.58358283e-01
289,1.13869824e-03,1.55516838e-03,inf,2.30483450e-02,6,700000.000000,0.300000,5.71235705e-02,nan,nan,nan
290,1.05224981e-03,1.57177886e-03,inf,2.02432945e-02,6,700000.000000,0.300000,5.11902972e-02,nan,nan,nan
291,1.06926852e-03,1.50989598e-03,inf,3.08081619e-02,6,700000.000000,0.300000,5.27620274e-02,nan,nan,nan
292,1.30636781e-03,1.62109996e-03,inf,2.71618422e-02,6,700000.000000,0.300000,6.12596122e-02,1.33975891e+01,2.41156593e-02,3.93663270e-01
293,1.18479828e-03,1.49468345e-03,inf,2.16044821e-02,6,700000.000000,0.300000,5.29689068e-02,nan,nan,nan
294,1.21250352e-03,1.77894915e-03,inf,3.20084989e-02,6,700000.000000,0.300000,5.50723211e-02,nan,nan,nan
295,1.11797564e-03,1.65941933e-03,inf,2.93230675e-02,6,700000.000000,0.300000,5.60288346e-02,nan,nan,nan
296,1.21787828e-03,2.42259070e-03,inf,6.30670413e-02,6,700000.000000,0.300000,5.61012051e-02,1.49525381e+01,2.69145639e-02,4.79750192e-01
297,1.19310925e-03,1.67249783e-03,inf,2.46183462e-02,6,700000.000000,0.300000,5.50524837e-02,nan,nan,nan
298,1.19091607e-03,1.50516017e-03,inf,2.10070163e-02,6,700000.000000,0.300000,5.70868009e-02,nan,nan,nan
299,1.05678851e-03,1.56478932e-03,inf,2.92394217e-02,6,700000.000000,0.300000,5.08358718e-02,nan,nan,nan
300,1.21888478e-03,1.55264681e-03,inf,2.23113503e-02,6,700000.000000,0.300000,5.91446995e-02,8.41117095e+00,1.51401058e-02,2.55984153e-01
301,9.61563204e-04,1.52346097e-03,inf,2.09123865e-02,0,,,4.22889868e-02,nan,nan,nan
302,1.01213674e-03,1.81625236e-03,inf,6.03156276e-02,0,,,4.75332084e-02,nan,nan,nan
303,1.00102790e-03,1.42950022e-03,inf,1.77378394e-02,0,,,4.69718824e-02,nan,nan,nan
304,1.13022861e-03,2.10834323e-03,inf,5.43828420e-02,0,,,5.53665593e-02,2.60665968e+01,4.69198773e-02,8.47440728e-01
305,1.26189103e-03,1.47531934e-03,inf,2.12098733e-02,0,,,6.25429965e-02,nan,nan,nan
306,1.17966656e-03,1.74141060e-03,inf,1.77023336e-02,0,,,5.18851210e-02,nan,nan,nan
307,1.17582642e-03,1.55319212e-03,inf,2.20037159e-02,0,,,5.56219478e-02,nan,nan,nan
308,9.98727321e-04,1.48894570e-03,inf,2.25156471e-02,0,,,5.34954876e-02,9.29119545e+00,1.67241526e-02,3.12627352e-01
309,1.02270475e-03,1.65778617e-03,inf,1.93286184e-02,0,,,5.22272778e-02,nan,nan,nan
310,9.82534225e-04,2.60121134e-03,inf,4.02217507e-02,0,,,4.73182961e-02,nan,nan,nan
311,1.35556947e-03,1.40566679e-03,inf,2.64835916e-02,0,,,6.22345543e-02,nan,nan,nan
312,1.19786835e-03,1.95139788e-03,inf,2.64687240e-02,0,,,5.64791739e-02,3.11372806e+00,5.60470960e-03,9.92349784e-02
313,1.14739510e-03,1.69841611e-03,inf,2.42405217e-02,0,,,4.78286268e-02,nan,nan,nan
314,1.31321077e-03,1.40082175e-03,inf,1.31304059e-02,0,,,6.11014505e-02,nan,nan,nan
315,9.28815775e-04,1.36881251e-03,inf,2.16926374e-02,0,,,4.22509141e-02,nan,nan,nan
316,9.35916824e-04,1.46379577e-03,inf,2.11102981e-02,0,,,4.09260014e-02,4.83016824e+00,8.69430181e-03,2.12439562e-01
317,9.01078545e-04,1.47357686e-03,inf,1.77978855e-02,0,,,3.99556872e-02,nan,nan,nan
318,9.27876590e-04,1.48076509e-03,inf,2.31538266e-02,0,,,4.57141221e-02,nan,nan,nan
319,8.99992676e-04,1.47236771e-03,inf,1.63041037e-02,0,,,4.18354806e-02,nan,nan,nan
320,9.34823155e-04,1.45074253e-03,inf,1.68757699e-02,0,,,4.41888931e-02,4.58864922e+00,8.25956737e-03,1.86915009e-01
321,9.89254642e-04,1.67647271e-03,inf,1.97039954e-02,0,,,4.72975774e-02,nan,nan,nan
322,9.25011389e-04,1.94456439e-03,inf,5.11033162e-02,0,,,4.19333152e-02,nan,nan,nan
323,1.06572850e-03,1.54355999e-03,inf,1.77839622e-02,0,,,4.97957455e-02,nan,nan,nan
324,9.14460674e-04,1.44099745e-03,inf,1.89832151e-02,0,,,4.03708494e-02,3.93819285e+00,7.08874605e-03,1.75590709e-01
325,9.13530310e-04,1.30751011e-03,inf,1.75356064e-02,0,,,4.23214859e-02,nan,nan,nan
326,8.15264277e-04,1.72404211e-03,inf,2.01716609e-02,0,,,3.58645672e-02,nan,nan,nan
327,8.72352057e-04,1.38728111e-03,inf,1.81276593e-02,0,,,4.02140772e-02,nan,nan,nan
328,8.07083264e-04,1.40513364e-03,inf,3.91483717e-02,0,,,3.56817579e-02,2.59752888e+01,4.67555086e-02,1.31034768e+00
329,8.47975340e-04,1.34998599e-03,inf,1.33331046e-02,0,,,3.73522634e-02,nan,nan,nan
330,8.11262418e-04,1.32892974e-03,inf,1.91453248e-02,0,,,3.49860618e-02,nan,nan,nan
331,7.88001392e-04,1.25592374e-03,inf,1.84331909e-02,0,,,3.27964282e-02,nan,nan,nan
332,8.41603107e-04,1.36234902e-03,inf,1.50021520e-02,0,,,3.63057386e-02,4.40633234e+00,7.93139960e-03,2.18461321e-01
333,8.15279341e-04,1.29638947e-03,inf,1.19254775e-02,0,,,3.46270705e-02,nan,nan,nan
334,7.92909433e-04,1.29036162e-03,inf,2.26462036e-02,0,,,3.21200345e-02,nan,nan,nan
335,7.54247962e-04,1.27563929e-03,inf,1.32734906e-02,0,,,3.03736653e-02,nan,nan,nan
336,7.55942590e-04,1.27034559e-03,inf,2.26727054e-02,0,,,3.02970936e-02,5.94711043e+00,1.07047978e-02,3.53327548e-01
337,7.50696318e-04,1.26053868e-03,inf,1.57804601e-02,0,,,2.98706035e-02,nan,nan,nan
338,7.47870202e-04,1.28544211e-03,inf,1.85529683e-02,0,,,2.95273127e-02,nan,nan,nan
339,7.37852057e-04,1.27223167e-03,inf,1.98392961e-02,0,,,2.90555928e-02,nan,nan,nan
340,7.38542186e-04,1.26424683e-03,inf,1.74668077e-02,0,,,2.86355083e-02,3.02421124e+00,5.44358141e-03,1.90098997e-01
341,7.22144817e-04,1.26731577e-03,inf,1.25485156e-02,0,,,2.62103381e-02,nan,nan,nan
342,7.17478930e-04,1.23021774e-03,inf,1.41539667e-02,0,,,2.52495969e-02,nan,nan,nan
343,7.05604616e-04,1.24324694e-03,inf,1.20367911e-02,0,,,2.60491467e-02,nan,nan,nan
344,7.10436696e-04,1.22173798e-03,inf,1.83101185e-02,0,,,2.64780811e-02,5.87050198e+00,1.05669036e-02,3.99081172e-01
345,7.00276852e-04,1.26705193e-03,inf,2.00748648e-02,0,,,2.43983268e-02,nan,nan,nan
346,7.00072165e-04,1.21179165e-03,inf,1.90133788e-02,0,,,2.45762228e-02,nan,nan,nan
347,6.88504451e-04,1.21707541e-03,inf,1.92124378e-02,0,,,2.26188406e-02,nan,nan,nan
348,6.85783248e-04,1.20561288e-03,inf,1.80885457e-02,0,,,2.25055405e-02,5.26852271e+00,9.48334050e-03,4.21378039e-01
349,6.81167114e-04,1.22991956e-03,inf,1.72896758e-02,0,,,2.10609953e-02,nan,nan,nan
350,6.76606080e-04,1.22388016e-03,inf,1.50814708e-02,0,,,2.10872367e-02,nan,nan,nan
351,6.72462238e-04,1.23953198e-03,inf,1.28553603e-02,0,,,2.00998785e-02,nan,nan,nan
352,6.71023289e-04,1.22327863e-03,inf,1.47052435e-02,0,,,2.03863339e-02,2.04636533e+00,3.68345775e-03,1.80682695e-01
353,6.68953159e-04,1.22180153e-03,inf,1.06431739e-02,0,,,2.02035965e-02,nan,nan,nan
354,6.63322241e-04,1.20633040e-03,inf,1.83181278e-02,0,,,1.86560019e-02,nan,nan,nan
355,6.62271792e-04,1.22321943e-03,inf,1.66235864e-02,0,,,1.85319114e-02,nan,nan,nan
356,6.61511123e-04,1.20453416e-03,inf,2.21186094e-02,0,,,1.81397466e-02,4.13280827e+00,7.43905486e-03,4.10096955e-01
357,6.56667697e-04,1.19881592e-03,inf,1.59714241e-02,0,,,1.72356070e-02,nan,nan,nan
358,6.58194941e-04,1.19813997e-03,inf,2.55422592e-02,0,,,1.82879780e-02,nan,nan,nan
359,6.55587001e-04,1.20260317e-03,inf,1.73920076e-02,0,,,1.75175523e-02,nan,nan,nan
360,6.55399117e-04,1.19926592e-03,inf,1.75355859e-02,0,,,1.74579897e-02,3.05868309e+00,5.50562923e-03,3.15364445e-01
RUN_END 2026-08-04 05:53:24 total_time_s=17603.75
